brand,color,fuelType,modelDate,numberOfDoors,productionDate,vehicleTransmission,enginePower,mileage,Привод,Руль,Состояние,Владельцы,ПТС,Таможня,Владение,id,motor,внедорожник,Безопасность,Салон,Мультимедиа,Комфорт,Обзор,Защита от угона,седан,хэтчбек,Элементы экстерьера,Прочее,лифтбек,купе,пикап,минивэн,компактвэн,универсал,родстер,кабриолет,фургон,микровэн,тарга,лимузин,model,car_id,url,price
4,3,1,2007,5,2020,2,210,119303,0,2,2,3,2,1,190944000,4472,2.0,1,5,7,5,8,2,2,0,0,3,2,0,0,0,0,0,0,0,0,0,0,0,0,,37643987,https://tutaev.drom.ru/volvo/xc90/37643987.html,765000
4,3,2,2009,5,2020,2,185,138082,0,2,2,2,2,1,235612800,4472,2.0,1,5,7,5,8,2,2,0,0,3,2,0,0,0,0,0,0,0,0,0,0,0,0,,37372540,https://krasnoyarsk.drom.ru/volvo/xc60/37372540.html,800000
4,3,1,2008,5,2020,2,209,126946,0,2,2,3,2,1,46742400,4472,2.0,1,5,7,5,8,2,2,0,0,3,2,0,0,0,0,0,0,0,0,0,0,0,0,,37431739,https://surgut.drom.ru/volvo/xc90/37431739.html,720000
4,3,1,2007,5,2020,2,209,119925,0,2,2,2,2,1,262915200,4472,2.0,1,5,7,5,8,2,2,0,0,3,2,0,0,0,0,0,0,0,0,0,0,0,0,,37293410,https://chelyabinsk.drom.ru/volvo/xc90/37293410.html,595000
4,3,1,2007,5,2020,2,210,124274,0,2,2,3,2,1,133488000,4472,2.0,1,5,7,5,8,2,2,0,0,3,2,0,0,0,0,0,0,0,0,0,0,0,0,,37001252,https://irkutsk.drom.ru/volvo/xc90/37001252.html,750000
4,3,1,2007,5,2020,2,210,118061,0,2,2,3,2,1,110246400,4472,2.0,1,5,7,5,8,2,2,0,0,3,2,0,0,0,0,0,0,0,0,0,0,0,0,,37188843,https://tver.drom.ru/volvo/xc90/37188843.html,540000
4,3,1,2007,5,2020,2,210,125828,0,2,2,3,2,1,98755200,4472,2.0,1,5,7,5,8,2,2,0,0,3,2,0,0,0,0,0,0,0,0,0,0,0,0,,37174266,https://tyumen.drom.ru/volvo/xc90/37174266.html,650000
4,3,2,2008,5,2020,2,185,128624,0,2,2,3,2,1,184118400,4472,2.0,1,5,7,5,8,2,2,0,0,3,2,0,0,0,0,0,0,0,0,0,0,0,0,,36091464,https://ekaterinburg.drom.ru/volvo/xc90/36091464.html,715000
4,3,1,2007,5,2020,2,210,108740,0,2,2,3,2,1,108518400,4472,2.0,1,5,7,5,8,2,2,0,0,3,2,0,0,0,0,0,0,0,0,0,0,0,0,,37146828,https://spb.drom.ru/volvo/xc90/37146828.html,630000
4,3,2,2007,5,2020,2,185,126760,0,2,2,3,2,1,132796800,4472,2.0,1,5,7,5,8,2,2,0,0,3,2,0,0,0,0,0,0,0,0,0,0,0,0,,36764691,https://tyumen.drom.ru/volvo/xc90/36764691.html,680000
4,3,2,2007,5,2020,2,185,113711,0,2,2,3,2,1,101520000,4472,2.0,1,5,7,5,8,2,2,0,0,3,2,0,0,0,0,0,0,0,0,0,0,0,0,,35602891,https://chelyabinsk.drom.ru/volvo/xc90/35602891.html,597000
4,3,1,2008,5,2020,2,210,123653,0,2,2,3,2,1,104457600,4472,2.0,1,5,7,5,8,2,2,0,0,3,2,0,0,0,0,0,0,0,0,0,0,0,0,,30673796,https://novosibirsk.drom.ru/volvo/xc90/30673796.html,695000
4,3,2,2008,5,2020,2,185,147066,0,2,2,3,2,1,193708800,4472,2.0,1,5,7,5,8,2,2,0,0,3,2,0,0,0,0,0,0,0,0,0,0,0,0,,37040368,https://chelyabinsk.drom.ru/volvo/xc90/37040368.html,770000
4,3,1,2007,5,2020,2,209,125789,0,2,2,3,2,1,188352000,4472,2.0,1,5,7,5,8,2,2,0,0,3,2,0,0,0,0,0,0,0,0,0,0,0,0,,37034806,https://chelyabinsk.drom.ru/volvo/xc90/37034806.html,690000
4,3,1,2007,5,2020,2,209,124274,0,2,2,3,2,1,9590400,4472,2.0,1,5,7,5,8,2,2,0,0,3,2,0,0,0,0,0,0,0,0,0,0,0,0,,36984729,https://ekaterinburg.drom.ru/volvo/xc90/36984729.html,500000
4,3,2,2008,5,2020,1,185,145401,0,2,2,3,2,1,170467200,4472,2.0,1,5,7,5,8,2,2,0,0,3,2,0,0,0,0,0,0,0,0,0,0,0,0,,36655173,https://ekaterinburg.drom.ru/volvo/xc90/36655173.html,750000
4,3,2,2008,5,2020,2,185,116196,0,2,2,2,2,1,84240000,4472,2.0,1,5,7,5,8,2,2,0,0,3,2,0,0,0,0,0,0,0,0,0,0,0,0,,35492043,https://stavropol.drom.ru/volvo/xc90/35492043.html,775000
4,3,2,2008,5,2020,2,185,116196,0,2,2,3,2,1,58579200,4472,2.0,1,5,7,5,8,2,2,0,0,3,2,0,0,0,0,0,0,0,0,0,0,0,0,,36178143,https://stavropol.drom.ru/volvo/xc90/36178143.html,775000
4,3,1,2007,5,2020,2,209,116196,0,2,2,3,2,1,178934400,4472,2.0,1,5,7,5,8,2,2,0,0,3,2,0,0,0,0,0,0,0,0,0,0,0,0,,36848142,https://chelyabinsk.drom.ru/volvo/xc90/36848142.html,635000
4,3,1,2008,5,2020,2,209,134838,1,2,2,3,2,1,26092800,4472,2.0,1,5,7,5,8,2,2,0,0,3,2,0,0,0,0,0,0,0,0,0,0,0,0,,36468507,https://krasnodar.drom.ru/volvo/xc90/36468507.html,500000
4,3,2,2008,5,2020,1,185,134216,0,2,2,3,2,1,-1209600,4472,2.0,1,5,7,5,8,2,2,0,0,3,2,0,0,0,0,0,0,0,0,0,0,0,0,,32912990,https://kemerovo.drom.ru/volvo/xc90/32912990.html,790000
4,3,2,2008,5,2020,2,185,133595,0,2,2,3,2,1,116121600,4472,2.0,1,5,7,5,8,2,2,0,0,3,2,0,0,0,0,0,0,0,0,0,0,0,0,,35494737,https://krasnoyarsk.drom.ru/volvo/xc90/35494737.html,690000
4,3,2,2007,5,2020,2,184,126138,0,2,2,3,2,1,13651200,4472,2.0,1,5,7,5,8,2,2,0,0,3,2,0,0,0,0,0,0,0,0,0,0,0,0,,35785818,https://kurgan.drom.ru/volvo/xc90/35785818.html,900000
4,3,2,2007,5,2019,2,185,142915,0,2,2,3,2,1,91324800,4472,2.0,1,5,7,5,8,2,2,0,0,3,2,0,0,0,0,0,0,0,0,0,0,0,0,,28970716,https://zheleznogorsk-krasnoyarsk.drom.ru/volvo/xc90/28970716.html,680000
4,3,2,2007,5,2019,2,185,116196,0,2,2,2,2,1,185932800,4472,2.0,1,5,7,5,8,2,2,0,0,3,2,0,0,0,0,0,0,0,0,0,0,0,0,,35674895,https://tyumen.drom.ru/volvo/xc90/35674895.html,624998
4,3,1,2008,5,2019,2,209,147748,0,2,2,3,2,1,68342400,4472,2.0,1,5,7,5,8,2,2,0,0,3,2,0,0,0,0,0,0,0,0,0,0,0,0,,36059924,https://barnaul.drom.ru/volvo/xc90/36059924.html,755555
4,3,1,2007,5,2019,2,210,118061,0,2,2,3,2,1,-2505600,4472,2.0,1,5,7,5,8,2,2,0,0,3,2,0,0,0,0,0,0,0,0,0,0,0,0,,34961516,https://tatarsk.drom.ru/volvo/xc90/34961516.html,700000
4,3,1,2007,5,2019,2,210,149129,0,2,2,3,2,1,24537600,4472,2.0,1,5,7,5,8,2,2,0,0,3,2,0,0,0,0,0,0,0,0,0,0,0,0,,34593525,https://krasnodar.drom.ru/volvo/xc90/34593525.html,450000
4,3,1,2008,5,2019,2,210,114332,0,2,2,3,2,1,65923200,4472,2.0,1,5,7,5,8,2,2,0,0,3,2,0,0,0,0,0,0,0,0,0,0,0,0,,35740124,https://omsk.drom.ru/volvo/xc90/35740124.html,950000
4,3,2,2008,5,2019,1,185,145406,0,2,2,3,2,1,166665600,4472,2.0,1,5,7,5,8,2,2,0,0,3,2,0,0,0,0,0,0,0,0,0,0,0,0,,35294086,https://ekaterinburg.drom.ru/volvo/xc90/35294086.html,779900
4,3,1,2007,5,2019,2,209,124274,0,2,2,3,2,1,94348800,4472,2.0,1,5,7,5,8,2,2,0,0,3,2,0,0,0,0,0,0,0,0,0,0,0,0,,36473827,https://nizhniy-tagil.drom.ru/volvo/xc90/36473827.html,620000
4,3,2,2008,5,2019,2,185,131731,0,2,2,2,2,1,98755200,4472,2.0,1,5,7,5,8,2,2,0,0,3,2,0,0,0,0,0,0,0,0,0,0,0,0,,34475355,https://tyumen.drom.ru/volvo/xc90/34475355.html,810000
4,3,1,2007,5,2019,2,210,114954,0,2,2,3,2,1,89856000,4472,2.0,1,5,7,5,8,2,2,0,0,3,2,0,0,0,0,0,0,0,0,0,0,0,0,,36379318,https://sayanogorsk.drom.ru/volvo/xc90/36379318.html,555900
4,3,2,2008,5,2019,2,185,133441,0,2,2,1,2,1,363225600,4472,2.0,1,5,7,5,8,2,2,0,0,3,2,0,0,0,0,0,0,0,0,0,0,0,0,,35950384,https://volgograd.drom.ru/volvo/xc70/35950384.html,1200000
4,3,1,2007,5,2019,2,210,115575,0,2,2,3,2,1,144374400,4472,2.0,1,5,7,5,8,2,2,0,0,3,2,0,0,0,0,0,0,0,0,0,0,0,0,,35593093,https://samara.drom.ru/volvo/xc90/35593093.html,655000
4,3,1,2007,5,2019,2,209,128786,0,2,2,3,2,1,16761600,4472,2.0,1,5,7,5,8,2,2,0,0,3,2,0,0,0,0,0,0,0,0,0,0,0,0,,35883694,https://sevastopol.drom.ru/volvo/xc90/35883694.html,600000
4,3,2,2007,5,2019,2,185,115575,0,2,2,2,2,1,94262400,4472,2.0,1,5,7,5,8,2,2,0,0,3,2,0,0,0,0,0,0,0,0,0,0,0,0,,36163144,https://spb.drom.ru/volvo/xc90/36163144.html,760000
4,3,1,2007,5,2019,2,114,118682,0,2,2,2,2,1,250041600,4472,2.0,1,5,7,5,8,2,2,0,0,3,2,0,0,0,0,0,0,0,0,0,0,0,0,,36157046,https://volgograd.drom.ru/volvo/xc90/36157046.html,600000
4,3,2,2008,5,2019,2,185,136702,0,2,2,2,2,1,125971200,4472,2.0,1,5,7,5,8,2,2,0,0,3,2,0,0,0,0,0,0,0,0,0,0,0,0,,36152511,https://volgograd.drom.ru/volvo/xc90/36152511.html,845000
4,3,1,2007,5,2019,2,210,121167,0,2,2,3,2,1,169516800,4472,2.0,1,5,7,5,8,2,2,0,0,3,2,0,0,0,0,0,0,0,0,0,0,0,0,,36138303,https://krasnodar.drom.ru/volvo/xc90/36138303.html,690000
4,3,1,2007,5,2019,2,210,146022,0,2,2,3,2,1,36547200,4472,2.0,1,5,7,5,8,2,2,0,0,3,2,0,0,0,0,0,0,0,0,0,0,0,0,,36080249,https://krasnoyarsk.drom.ru/volvo/xc90/36080249.html,1050000
4,3,2,2007,5,2019,2,185,131731,0,2,2,2,2,1,84240000,4472,2.0,1,5,7,5,8,2,2,0,0,3,2,0,0,0,0,0,0,0,0,0,0,0,0,,36028161,https://dzerzhinsk.drom.ru/volvo/xc70/36028161.html,675000
4,3,1,2007,5,2019,2,210,116818,0,2,2,2,2,1,84240000,4472,2.0,1,5,7,5,8,2,2,0,0,3,2,0,0,0,0,0,0,0,0,0,0,0,0,,35986946,https://krasnodar.drom.ru/volvo/xc90/35986946.html,555000
4,3,1,2007,5,2019,2,210,143537,0,2,2,2,2,1,84240000,4472,2.0,1,5,7,5,8,2,2,0,0,3,2,0,0,0,0,0,0,0,0,0,0,0,0,,35974754,https://tobolsk.drom.ru/volvo/xc70/35974754.html,450000
4,3,1,2008,5,2019,2,210,116196,0,2,2,2,2,1,84240000,4472,2.0,1,5,7,5,8,2,2,0,0,3,2,0,0,0,0,0,0,0,0,0,0,0,0,,35499877,https://ufa.drom.ru/volvo/xc90/35499877.html,565000
4,3,2,2008,5,2019,2,185,126760,0,2,2,2,2,1,84240000,4472,2.0,1,5,7,5,8,2,2,0,0,3,2,0,0,0,0,0,0,0,0,0,0,0,0,,34893045,https://ekaterinburg.drom.ru/volvo/xc90/34893045.html,760000
4,3,2,2008,5,2019,2,185,120546,0,2,2,2,2,1,84240000,4472,2.0,1,5,7,5,8,2,2,0,0,3,2,0,0,0,0,0,0,0,0,0,0,0,0,,35811893,https://kemerovo.drom.ru/volvo/xc90/35811893.html,780000
4,3,2,2008,5,2019,2,185,108982,0,2,2,2,2,1,84240000,4472,2.0,1,5,7,5,8,2,2,0,0,3,2,0,0,0,0,0,0,0,0,0,0,0,0,,35704769,https://pyt-yah.drom.ru/volvo/xc90/35704769.html,800000
4,3,1,2007,5,2019,2,210,124274,0,2,2,2,2,1,84240000,4472,2.0,1,5,7,5,8,2,2,0,0,3,2,0,0,0,0,0,0,0,0,0,0,0,0,,33909218,https://barnaul.drom.ru/volvo/xc90/33909218.html,560000
4,3,2,2008,5,2019,2,185,108740,0,2,2,2,2,1,84240000,4472,2.0,1,5,7,5,8,2,2,0,0,3,2,0,0,0,0,0,0,0,0,0,0,0,0,,35642703,https://moscow.drom.ru/volvo/xc70/35642703.html,800000
4,3,2,2008,5,2019,2,185,109361,0,2,2,2,2,1,84240000,4472,2.0,1,5,7,5,8,2,2,0,0,3,2,0,0,0,0,0,0,0,0,0,0,0,0,,35558585,https://magnitogorsk.drom.ru/volvo/xc90/35558585.html,850000
4,3,2,2009,5,2019,2,205,131109,0,2,2,2,2,1,84240000,4472,2.0,1,5,7,5,8,2,2,0,0,3,2,0,0,0,0,0,0,0,0,0,0,0,0,,35617965,https://chelyabinsk.drom.ru/volvo/xc60/35617965.html,799000
4,3,1,2007,5,2019,2,210,114974,0,2,2,2,2,1,84240000,4472,2.0,1,5,7,5,8,2,2,0,0,3,2,0,0,0,0,0,0,0,0,0,0,0,0,,35512853,https://ulan-ude.drom.ru/volvo/xc90/35512853.html,679000
4,3,1,2008,5,2019,2,210,111051,0,2,2,2,2,1,84240000,4472,2.0,1,5,7,5,8,2,2,0,0,3,2,0,0,0,0,0,0,0,0,0,0,0,0,,34746532,https://chelyabinsk.drom.ru/volvo/xc90/34746532.html,649000
4,3,1,2007,5,2019,2,210,123653,0,2,2,2,2,1,84240000,4472,2.0,1,5,7,5,8,2,2,0,0,3,2,0,0,0,0,0,0,0,0,0,0,0,0,,35455599,https://ekaterinburg.drom.ru/volvo/xc90/35455599.html,579000
4,3,1,2007,5,2019,2,210,128624,0,2,2,2,2,1,84240000,4472,2.0,1,5,7,5,8,2,2,0,0,3,2,0,0,0,0,0,0,0,0,0,0,0,0,,31955845,https://noviy-urengoy.drom.ru/volvo/xc70/31955845.html,540000
4,3,1,2007,5,2019,2,209,114332,0,2,2,2,2,1,84240000,4472,2.0,1,5,7,5,8,2,2,0,0,3,2,0,0,0,0,0,0,0,0,0,0,0,0,,32926414,https://ulan-ude.drom.ru/volvo/xc90/32926414.html,700000
4,3,2,2007,5,2019,2,185,117439,0,2,2,2,2,1,84240000,4472,2.0,1,5,7,5,8,2,2,0,0,3,2,0,0,0,0,0,0,0,0,0,0,0,0,,35344665,https://lesosibirsk.drom.ru/volvo/xc90/35344665.html,750000
4,3,1,2007,5,2019,2,210,113711,0,2,2,2,2,1,84240000,4472,2.0,1,5,7,5,8,2,2,0,0,3,2,0,0,0,0,0,0,0,0,0,0,0,0,,35339395,https://chelyabinsk.drom.ru/volvo/xc70/35339395.html,585000
4,3,2,2008,5,2019,2,185,122410,0,2,2,2,2,1,84240000,4472,2.0,1,5,7,5,8,2,2,0,0,3,2,0,0,0,0,0,0,0,0,0,0,0,0,,34884220,https://krasnoyarsk.drom.ru/volvo/xc90/34884220.html,750000
4,3,2,2008,5,2019,2,185,124277,0,2,2,2,2,1,84240000,4472,2.0,1,5,7,5,8,2,2,0,0,3,2,0,0,0,0,0,0,0,0,0,0,0,0,,35293805,https://moscow.drom.ru/volvo/xc90/35293805.html,885000
4,3,2,2008,5,2019,2,185,144876,0,2,2,2,2,1,84240000,4472,2.0,1,5,7,5,8,2,2,0,0,3,2,0,0,0,0,0,0,0,0,0,0,0,0,,35273925,https://achinsk.drom.ru/volvo/xc70/35273925.html,550000
4,3,2,2007,5,2019,2,185,122410,0,2,2,2,2,1,84240000,4472,2.0,1,5,7,5,8,2,2,0,0,3,2,0,0,0,0,0,0,0,0,0,0,0,0,,35270761,https://moscow.drom.ru/volvo/xc90/35270761.html,520000
4,3,2,2008,5,2019,2,185,134838,0,2,2,2,2,1,84240000,4472,2.0,1,5,7,5,8,2,2,0,0,3,2,0,0,0,0,0,0,0,0,0,0,0,0,,34882848,https://ekaterinburg.drom.ru/volvo/xc90/34882848.html,850000
4,3,1,2007,5,2019,2,209,114954,0,2,2,2,2,1,84240000,4472,2.0,1,5,7,5,8,2,2,0,0,3,2,0,0,0,0,0,0,0,0,0,0,0,0,,35230638,https://moscow.drom.ru/volvo/xc90/35230638.html,620000
4,3,2,2007,5,2019,2,185,114519,0,2,2,2,2,1,84240000,4472,2.0,1,5,7,5,8,2,2,0,0,3,2,0,0,0,0,0,0,0,0,0,0,0,0,,34508348,https://ekaterinburg.drom.ru/volvo/xc70/34508348.html,574900
4,3,2,2008,5,2019,2,185,124274,0,2,2,2,2,1,84240000,4472,2.0,1,5,7,5,8,2,2,0,0,3,2,0,0,0,0,0,0,0,0,0,0,0,0,,35119945,https://berezniky.drom.ru/volvo/xc90/35119945.html,810000
4,3,1,2007,5,2019,2,210,113711,0,2,2,2,2,1,84240000,4472,2.0,1,5,7,5,8,2,2,0,0,3,2,0,0,0,0,0,0,0,0,0,0,0,0,,34439804,https://barnaul.drom.ru/volvo/xc90/34439804.html,615000
4,3,2,2008,5,2019,2,185,117439,0,2,2,2,2,1,84240000,4472,2.0,1,5,7,5,8,2,2,0,0,3,2,0,0,0,0,0,0,0,0,0,0,0,0,,34981787,https://spb.drom.ru/volvo/xc90/34981787.html,600000
4,3,1,2007,5,2019,2,209,136702,0,2,2,2,2,1,84240000,4472,2.0,1,5,7,5,8,2,2,0,0,3,2,0,0,0,0,0,0,0,0,0,0,0,0,,34381819,https://novosibirsk.drom.ru/volvo/xc90/34381819.html,660000
4,3,2,2008,5,2019,2,185,109983,0,2,2,2,2,1,84240000,4472,2.0,1,5,7,5,8,2,2,0,0,3,2,0,0,0,0,0,0,0,0,0,0,0,0,,33212131,https://berdsk.drom.ru/volvo/xc70/33212131.html,700000
4,3,2,2007,5,2019,2,185,124274,0,2,2,2,2,1,84240000,4472,2.0,1,5,7,5,8,2,2,0,0,3,2,0,0,0,0,0,0,0,0,0,0,0,0,,34804714,https://kurgan.drom.ru/volvo/xc90/34804714.html,700000
4,3,2,2008,5,2019,2,185,135459,0,2,2,2,2,1,84240000,4472,2.0,1,5,7,5,8,2,2,0,0,3,2,0,0,0,0,0,0,0,0,0,0,0,0,,32266000,https://irkutsk.drom.ru/volvo/xc90/32266000.html,550000
4,3,1,2008,5,2019,2,210,118061,0,2,2,2,2,1,84240000,4472,2.0,1,5,7,5,8,2,2,0,0,3,2,0,0,0,0,0,0,0,0,0,0,0,0,,29795802,https://novorossiysk.drom.ru/volvo/xc90/29795802.html,700000
4,3,2,2008,5,2019,2,185,109361,0,2,2,2,2,1,84240000,4472,2.0,1,5,7,5,8,2,2,0,0,3,2,0,0,0,0,0,0,0,0,0,0,0,0,,34706083,https://sevastopol.drom.ru/volvo/xc90/34706083.html,690000
4,3,1,2007,5,2019,2,210,124274,0,2,2,2,2,1,84240000,4472,2.0,1,5,7,5,8,2,2,0,0,3,2,0,0,0,0,0,0,0,0,0,0,0,0,,30719672,https://gornyak.drom.ru/volvo/xc90/30719672.html,670000
4,3,2,2009,5,2019,2,185,133595,0,2,2,2,2,1,84240000,4472,2.0,1,5,7,5,8,2,2,0,0,3,2,0,0,0,0,0,0,0,0,0,0,0,0,,34752271,https://krasnoyarsk.drom.ru/volvo/xc90/34752271.html,790000
4,3,2,2008,5,2019,1,185,144158,0,2,2,2,2,1,84240000,4472,2.0,1,5,7,5,8,2,2,0,0,3,2,0,0,0,0,0,0,0,0,0,0,0,0,,34730447,https://ekaterinburg.drom.ru/volvo/xc90/34730447.html,800000
4,3,1,2008,5,2019,2,210,124274,0,2,2,2,2,1,84240000,4472,2.0,1,5,7,5,8,2,2,0,0,3,2,0,0,0,0,0,0,0,0,0,0,0,0,,34726037,https://simferopol.drom.ru/volvo/xc90/34726037.html,580000
4,3,2,2007,5,2019,1,185,142833,0,2,2,2,2,1,84240000,4472,2.0,1,5,7,5,8,2,2,0,0,3,2,0,0,0,0,0,0,0,0,0,0,0,0,,33959567,https://magnitogorsk.drom.ru/volvo/xc70/33959567.html,599900
4,3,1,2007,5,2019,2,210,124585,0,2,2,2,2,1,84240000,4472,2.0,1,5,7,5,8,2,2,0,0,3,2,0,0,0,0,0,0,0,0,0,0,0,0,,33061141,https://alushta.drom.ru/volvo/xc90/33061141.html,650000
4,3,2,2007,5,2019,2,185,114954,0,2,2,2,2,1,84240000,4472,2.0,1,5,7,5,8,2,2,0,0,3,2,0,0,0,0,0,0,0,0,0,0,0,0,,34256540,https://ekaterinburg.drom.ru/volvo/xc90/34256540.html,620000
4,3,2,2008,5,2019,2,185,123031,0,2,2,2,2,1,84240000,4472,2.0,1,5,7,5,8,2,2,0,0,3,2,0,0,0,0,0,0,0,0,0,0,0,0,,34592513,https://surgut.drom.ru/volvo/xc90/34592513.html,750000
4,3,1,2007,5,2019,2,210,142847,0,2,2,2,2,1,84240000,4472,2.0,1,5,7,5,8,2,2,0,0,3,2,0,0,0,0,0,0,0,0,0,0,0,0,,33643893,https://tyumen.drom.ru/volvo/xc90/33643893.html,650000
4,3,2,2007,5,2019,2,185,133595,0,2,2,2,2,1,84240000,4472,2.0,1,5,7,5,8,2,2,0,0,3,2,0,0,0,0,0,0,0,0,0,0,0,0,,32174620,https://novosibirsk.drom.ru/volvo/xc90/32174620.html,730000
4,3,1,2007,5,2019,2,210,111847,0,2,2,2,2,1,84240000,4472,2.0,1,5,7,5,8,2,2,0,0,3,2,0,0,0,0,0,0,0,0,0,0,0,0,,34453872,https://krasnoyarsk.drom.ru/volvo/xc90/34453872.html,750000
4,3,2,2008,5,2019,2,185,141673,0,2,2,2,2,1,84240000,4472,2.0,1,5,7,5,8,2,2,0,0,3,2,0,0,0,0,0,0,0,0,0,0,0,0,,34435290,https://irkutsk.drom.ru/volvo/xc70/34435290.html,750000
4,3,1,2008,5,2019,2,209,118061,0,2,2,2,2,1,84240000,4472,2.0,1,5,7,5,8,2,2,0,0,3,2,0,0,0,0,0,0,0,0,0,0,0,0,,34172045,https://emanzhelinsk.drom.ru/volvo/xc90/34172045.html,684000
4,3,2,2009,5,2019,2,185,110418,0,2,2,2,2,1,84240000,4472,2.0,1,5,7,5,8,2,2,0,0,3,2,0,0,0,0,0,0,0,0,0,0,0,0,,34426971,https://samara.drom.ru/volvo/xc60/34426971.html,809000
4,3,1,2008,5,2019,2,210,108740,0,2,2,2,2,1,84240000,4472,2.0,1,5,7,5,8,2,2,0,0,3,2,0,0,0,0,0,0,0,0,0,0,0,0,,34053382,https://chelyabinsk.drom.ru/volvo/xc90/34053382.html,760000
4,3,1,2007,5,2019,2,210,136702,0,2,2,2,2,1,84240000,4472,2.0,1,5,7,5,8,2,2,0,0,3,2,0,0,0,0,0,0,0,0,0,0,0,0,,33945918,https://chelyabinsk.drom.ru/volvo/xc90/33945918.html,535000
4,3,2,2009,5,2019,2,205,131109,0,2,2,2,2,1,84240000,4472,2.0,1,5,7,5,8,2,2,0,0,3,2,0,0,0,0,0,0,0,0,0,0,0,0,,33172321,https://chelyabinsk.drom.ru/volvo/xc60/33172321.html,799000
4,3,1,2007,5,2019,2,210,118061,0,2,2,2,2,1,84240000,4472,2.0,1,5,7,5,8,2,2,0,0,3,2,0,0,0,0,0,0,0,0,0,0,0,0,,33862499,https://chelyabinsk.drom.ru/volvo/xc90/33862499.html,545000
4,3,2,2008,5,2019,2,184,123031,0,2,2,2,2,1,84240000,4472,2.0,1,5,7,5,8,2,2,0,0,3,2,0,0,0,0,0,0,0,0,0,0,0,0,,34191703,https://novosibirsk.drom.ru/volvo/xc90/34191703.html,790000
4,3,2,2008,5,2019,2,185,142915,0,2,2,2,2,1,84240000,4472,2.0,1,5,7,5,8,2,2,0,0,3,2,0,0,0,0,0,0,0,0,0,0,0,0,,34191444,https://zlatoust.drom.ru/volvo/xc90/34191444.html,715000
4,3,1,2007,5,2019,2,210,131731,0,2,2,2,2,1,84240000,4472,2.0,1,5,7,5,8,2,2,0,0,3,2,0,0,0,0,0,0,0,0,0,0,0,0,,33141231,https://maslyanino.drom.ru/volvo/xc90/33141231.html,699000
4,3,1,2007,5,2019,2,209,115264,0,2,2,2,2,1,84240000,4472,2.0,1,5,7,5,8,2,2,0,0,3,2,0,0,0,0,0,0,0,0,0,0,0,0,,32815874,https://tyumen.drom.ru/volvo/xc90/32815874.html,750000
4,3,1,2007,5,2019,2,209,110604,0,2,2,2,2,1,84240000,4472,2.0,1,5,7,5,8,2,2,0,0,3,2,0,0,0,0,0,0,0,0,0,0,0,0,,33600186,https://nizhnevartovsk.drom.ru/volvo/xc70/33600186.html,550000
4,3,1,2007,5,2019,2,209,119198,0,2,2,2,2,1,84240000,4472,2.0,1,5,7,5,8,2,2,0,0,3,2,0,0,0,0,0,0,0,0,0,0,0,0,,33767021,https://nefteyugansk.drom.ru/volvo/xc70/33767021.html,650000
4,3,1,2007,5,2019,1,209,111847,0,2,2,2,2,1,84240000,4472,2.0,1,5,7,5,8,2,2,0,0,3,2,0,0,0,0,0,0,0,0,0,0,0,0,,34120928,https://surgut.drom.ru/volvo/xc90/34120928.html,750000
4,3,2,2009,5,2019,2,185,119614,0,2,2,2,2,1,84240000,4472,2.0,1,5,7,5,8,2,2,0,0,3,2,0,0,0,0,0,0,0,0,0,0,0,0,,34090992,https://kemerovo.drom.ru/volvo/xc90/34090992.html,1150000
4,3,2,2008,5,2019,2,184,117439,0,2,2,2,2,1,84240000,4472,2.0,1,5,7,5,8,2,2,0,0,3,2,0,0,0,0,0,0,0,0,0,0,0,0,,33698532,https://krasnoyarsk.drom.ru/volvo/xc90/33698532.html,740000
4,3,1,2008,5,2019,2,210,126760,0,2,2,2,2,1,84240000,4472,2.0,1,5,7,5,8,2,2,0,0,3,2,0,0,0,0,0,0,0,0,0,0,0,0,,32352738,https://ekaterinburg.drom.ru/volvo/xc90/32352738.html,632900
4,3,1,2007,5,2019,2,210,139187,0,2,2,2,2,1,84240000,4472,2.0,1,5,7,5,8,2,2,0,0,3,2,0,0,0,0,0,0,0,0,0,0,0,0,,33549034,https://chelyabinsk.drom.ru/volvo/xc90/33549034.html,560000
4,3,1,2008,5,2019,2,210,142915,0,2,2,2,2,1,84240000,4472,2.0,1,5,7,5,8,2,2,0,0,3,2,0,0,0,0,0,0,0,0,0,0,0,0,,33792823,https://moscow.drom.ru/volvo/xc90/33792823.html,670000
4,3,1,2007,5,2019,2,209,126760,0,2,2,2,2,1,84240000,4472,2.0,1,5,7,5,8,2,2,0,0,3,2,0,0,0,0,0,0,0,0,0,0,0,0,,33401075,https://barnaul.drom.ru/volvo/xc70/33401075.html,520000
4,3,1,2007,5,2019,2,210,110604,0,2,2,2,2,1,84240000,4472,2.0,1,5,7,5,8,2,2,0,0,3,2,0,0,0,0,0,0,0,0,0,0,0,0,,33724772,https://krasnoyarsk.drom.ru/volvo/xc90/33724772.html,670000
4,3,1,2007,5,2019,2,209,118682,0,2,2,2,2,1,84240000,4472,2.0,1,5,7,5,8,2,2,0,0,3,2,0,0,0,0,0,0,0,0,0,0,0,0,,33706697,https://krasnoyarsk.drom.ru/volvo/xc90/33706697.html,780000
4,3,1,2007,5,2019,2,210,113090,0,2,2,2,2,1,84240000,4472,2.0,1,5,7,5,8,2,2,0,0,3,2,0,0,0,0,0,0,0,0,0,0,0,0,,33161275,https://ekaterinburg.drom.ru/volvo/xc90/33161275.html,670000
4,3,1,2007,5,2019,2,210,140430,0,2,2,2,2,1,84240000,4472,2.0,1,5,7,5,8,2,2,0,0,3,2,0,0,0,0,0,0,0,0,0,0,0,0,,32859800,https://sayanogorsk.drom.ru/volvo/xc90/32859800.html,645000
4,3,1,2007,5,2019,2,210,116942,0,2,2,2,2,1,84240000,4472,2.0,1,5,7,5,8,2,2,0,0,3,2,0,0,0,0,0,0,0,0,0,0,0,0,,33275845,https://tyumen.drom.ru/volvo/xc90/33275845.html,790000
4,3,2,2009,5,2019,1,185,109983,0,2,2,2,2,1,84240000,4472,2.0,1,5,7,5,8,2,2,0,0,3,2,0,0,0,0,0,0,0,0,0,0,0,0,,31936099,https://ekaterinburg.drom.ru/volvo/xc60/31936099.html,750000
4,3,1,2007,5,2019,2,210,113711,0,2,2,2,2,1,84240000,4472,2.0,1,5,7,5,8,2,2,0,0,3,2,0,0,0,0,0,0,0,0,0,0,0,0,,33592052,https://berezovskiy-sverd.drom.ru/volvo/xc90/33592052.html,650000
4,3,2,2007,5,2019,2,185,146022,0,2,2,2,2,1,84240000,4472,2.0,1,5,7,5,8,2,2,0,0,3,2,0,0,0,0,0,0,0,0,0,0,0,0,,32487075,https://novosibirsk.drom.ru/volvo/xc90/32487075.html,720000
4,3,2,2008,5,2019,1,185,136702,0,2,2,2,2,1,84240000,4472,2.0,1,5,7,5,8,2,2,0,0,3,2,0,0,0,0,0,0,0,0,0,0,0,0,,31789242,https://sterlitamak.drom.ru/volvo/xc90/31789242.html,650000
4,3,1,2007,5,2019,2,210,114643,0,2,2,2,2,1,84240000,4472,2.0,1,5,7,5,8,2,2,0,0,3,2,0,0,0,0,0,0,0,0,0,0,0,0,,32223116,https://novosibirsk.drom.ru/volvo/xc90/32223116.html,680000
4,3,2,2007,5,2019,2,185,111225,0,2,2,2,2,1,84240000,4472,2.0,1,5,7,5,8,2,2,0,0,3,2,0,0,0,0,0,0,0,0,0,0,0,0,,23775641,https://kachkanar.drom.ru/volvo/xc90/23775641.html,775000
4,3,2,2008,5,2019,2,185,136702,0,2,2,2,2,1,84240000,4472,2.0,1,5,7,5,8,2,2,0,0,3,2,0,0,0,0,0,0,0,0,0,0,0,0,,32376556,https://moscow.drom.ru/volvo/xc90/32376556.html,750000
4,3,2,2009,5,2019,2,185,140119,0,2,2,2,2,1,84240000,4472,2.0,1,5,7,5,8,2,2,0,0,3,2,0,0,0,0,0,0,0,0,0,0,0,0,,33489742,https://bryansk.drom.ru/volvo/xc70/33489742.html,725000
4,3,2,2008,5,2019,2,185,111847,0,2,2,2,2,1,84240000,4472,2.0,1,5,7,5,8,2,2,0,0,3,2,0,0,0,0,0,0,0,0,0,0,0,0,,32844034,https://kemerovo.drom.ru/volvo/xc90/32844034.html,880000
4,3,2,2008,5,2019,2,185,114954,0,2,2,2,2,1,84240000,4472,2.0,1,5,7,5,8,2,2,0,0,3,2,0,0,0,0,0,0,0,0,0,0,0,0,,33385617,https://krasnoyarsk.drom.ru/volvo/xc70/33385617.html,750000
4,3,1,2007,5,2019,2,210,124274,0,2,2,2,2,1,84240000,4472,2.0,1,5,7,5,8,2,2,0,0,3,2,0,0,0,0,0,0,0,0,0,0,0,0,,32694388,https://ekaterinburg.drom.ru/volvo/xc90/32694388.html,700000
4,3,2,2008,5,2019,2,185,124274,0,2,2,2,2,1,84240000,4472,2.0,1,5,7,5,8,2,2,0,0,3,2,0,0,0,0,0,0,0,0,0,0,0,0,,33226946,https://ekaterinburg.drom.ru/volvo/xc70/33226946.html,699000
4,3,1,2008,5,2019,2,210,119925,0,2,2,2,2,1,84240000,4472,2.0,1,5,7,5,8,2,2,0,0,3,2,0,0,0,0,0,0,0,0,0,0,0,0,,33092578,https://spb.drom.ru/volvo/xc90/33092578.html,690000
4,3,1,2007,5,2019,2,210,119303,0,2,2,2,2,1,84240000,4472,2.0,1,5,7,5,8,2,2,0,0,3,2,0,0,0,0,0,0,0,0,0,0,0,0,,30451454,https://ufa.drom.ru/volvo/xc90/30451454.html,699000
4,3,1,2008,5,2019,2,210,136702,0,2,2,2,2,1,84240000,4472,2.0,1,5,7,5,8,2,2,0,0,3,2,0,0,0,0,0,0,0,0,0,0,0,0,,29417983,https://habarovsk.drom.ru/volvo/xc90/29417983.html,790000
4,3,1,2007,5,2019,1,210,124274,0,2,2,2,2,1,84240000,4472,2.0,1,5,7,5,8,2,2,0,0,3,2,0,0,0,0,0,0,0,0,0,0,0,0,,33026755,https://tyumen.drom.ru/volvo/xc90/33026755.html,650000
4,3,1,2007,5,2019,2,209,126138,0,2,2,2,2,1,84240000,4472,2.0,1,5,7,5,8,2,2,0,0,3,2,0,0,0,0,0,0,0,0,0,0,0,0,,32664180,https://ekaterinburg.drom.ru/volvo/xc90/32664180.html,620000
4,3,1,2008,5,2019,2,210,108740,0,2,2,2,2,1,84240000,4472,2.0,1,5,7,5,8,2,2,0,0,3,2,0,0,0,0,0,0,0,0,0,0,0,0,,32424360,https://surgut.drom.ru/volvo/xc90/32424360.html,737000
4,3,2,2008,5,2019,2,185,131731,0,2,2,2,2,1,84240000,4472,2.0,1,5,7,5,8,2,2,0,0,3,2,0,0,0,0,0,0,0,0,0,0,0,0,,32875666,https://moscow.drom.ru/volvo/xc70/32875666.html,705000
4,3,1,2007,5,2019,2,210,114954,0,2,2,2,2,1,84240000,4472,2.0,1,5,7,5,8,2,2,0,0,3,2,0,0,0,0,0,0,0,0,0,0,0,0,,32407263,https://krasnoyarsk.drom.ru/volvo/xc90/32407263.html,695000
4,3,2,2008,5,2019,2,185,139809,0,2,2,2,2,1,84240000,4472,2.0,1,5,7,5,8,2,2,0,0,3,2,0,0,0,0,0,0,0,0,0,0,0,0,,31117910,https://sochi.drom.ru/volvo/xc90/31117910.html,750000
4,3,2,2008,5,2019,2,185,140527,0,2,2,2,2,1,84240000,4472,2.0,1,5,7,5,8,2,2,0,0,3,2,0,0,0,0,0,0,0,0,0,0,0,0,,31118457,https://ekaterinburg.drom.ru/volvo/xc90/31118457.html,649900
4,3,1,2007,5,2019,2,209,111225,0,2,2,2,2,1,84240000,4472,2.0,1,5,7,5,8,2,2,0,0,3,2,0,0,0,0,0,0,0,0,0,0,0,0,,32763645,https://moscow.drom.ru/volvo/xc90/32763645.html,570000
4,3,2,2009,5,2019,2,205,116818,0,2,2,2,2,1,84240000,4472,2.0,1,5,7,5,8,2,2,0,0,3,2,0,0,0,0,0,0,0,0,0,0,0,0,,32529299,https://ekaterinburg.drom.ru/volvo/xc60/32529299.html,900000
4,3,2,2008,5,2019,2,185,129245,0,2,2,2,2,1,84240000,4472,2.0,1,5,7,5,8,2,2,0,0,3,2,0,0,0,0,0,0,0,0,0,0,0,0,,28344387,https://kurgan.drom.ru/volvo/xc70/28344387.html,690000
4,3,2,2008,5,2019,2,185,149129,0,2,2,2,2,1,84240000,4472,2.0,1,5,7,5,8,2,2,0,0,3,2,0,0,0,0,0,0,0,0,0,0,0,0,,32472655,https://ekaterinburg.drom.ru/volvo/xc70/32472655.html,730000
4,3,2,2007,5,2019,2,185,125311,0,2,2,2,2,1,84240000,4472,2.0,1,5,7,5,8,2,2,0,0,3,2,0,0,0,0,0,0,0,0,0,0,0,0,,32456025,https://ekaterinburg.drom.ru/volvo/xc90/32456025.html,750000
4,3,1,2007,5,2019,2,209,117439,0,2,2,2,2,1,84240000,4472,2.0,1,5,7,5,8,2,2,0,0,3,2,0,0,0,0,0,0,0,0,0,0,0,0,,32136105,https://ekaterinburg.drom.ru/volvo/xc70/32136105.html,580000
4,3,1,2007,5,2018,2,210,118061,0,2,2,2,2,1,84240000,4472,2.0,1,5,7,5,8,2,2,0,0,3,2,0,0,0,0,0,0,0,0,0,0,0,0,,28789114,https://surgut.drom.ru/volvo/xc90/28789114.html,620000
4,3,1,2007,5,2018,2,209,124274,0,2,2,2,2,1,84240000,4472,2.0,1,5,7,5,8,2,2,0,0,3,2,0,0,0,0,0,0,0,0,0,0,0,0,,23261414,https://ekaterinburg.drom.ru/volvo/xc70/23261414.html,400000
4,3,1,2007,5,2018,2,210,134838,0,2,2,2,2,1,84240000,4472,2.0,1,5,7,5,8,2,2,0,0,3,2,0,0,0,0,0,0,0,0,0,0,0,0,,30488168,https://omsk.drom.ru/volvo/xc90/30488168.html,655000
4,3,2,2008,5,2018,2,185,115658,0,2,2,2,2,1,84240000,4472,2.0,1,5,7,5,8,2,2,0,0,3,2,0,0,0,0,0,0,0,0,0,0,0,0,,32180699,https://yakutsk.drom.ru/volvo/xc90/32180699.html,690000
4,3,2,2008,5,2018,2,185,134216,0,2,2,2,2,1,84240000,4472,2.0,1,5,7,5,8,2,2,0,0,3,2,0,0,0,0,0,0,0,0,0,0,0,0,,32291991,https://krasnodar.drom.ru/volvo/xc90/32291991.html,750000
4,3,2,2009,5,2018,2,205,145836,0,2,2,2,2,1,84240000,4472,2.0,1,5,7,5,8,2,2,0,0,3,2,0,0,0,0,0,0,0,0,0,0,0,0,,32253540,https://krasnoyarsk.drom.ru/volvo/xc60/32253540.html,910000
4,3,2,2008,5,2018,2,185,125517,0,2,2,2,2,1,84240000,4472,2.0,1,5,7,5,8,2,2,0,0,3,2,0,0,0,0,0,0,0,0,0,0,0,0,,31940603,https://ufa.drom.ru/volvo/xc90/31940603.html,550000
4,3,2,2009,5,2018,2,205,145836,0,2,2,2,2,1,84240000,4472,2.0,1,5,7,5,8,2,2,0,0,3,2,0,0,0,0,0,0,0,0,0,0,0,0,,32263456,https://krasnoyarsk.drom.ru/volvo/xc60/32263456.html,900000
4,3,2,2008,5,2018,2,185,116818,0,2,2,2,2,1,84240000,4472,2.0,1,5,7,5,8,2,2,0,0,3,2,0,0,0,0,0,0,0,0,0,0,0,0,,31987475,https://usk-kut.drom.ru/volvo/xc90/31987475.html,890000
4,3,1,2007,5,2018,2,210,119925,0,2,2,2,2,1,84240000,4472,2.0,1,5,7,5,8,2,2,0,0,3,2,0,0,0,0,0,0,0,0,0,0,0,0,,32245536,https://irkutsk.drom.ru/volvo/xc90/32245536.html,710000
4,3,2,2008,5,2018,2,185,142915,0,2,2,2,2,1,84240000,4472,2.0,1,5,7,5,8,2,2,0,0,3,2,0,0,0,0,0,0,0,0,0,0,0,0,,31657237,https://ekaterinburg.drom.ru/volvo/xc90/31657237.html,629000
4,3,1,2007,5,2018,2,209,121789,0,2,2,2,2,1,84240000,4472,2.0,1,5,7,5,8,2,2,0,0,3,2,0,0,0,0,0,0,0,0,0,0,0,0,,32168730,https://moscow.drom.ru/volvo/xc90/32168730.html,600000
4,3,1,2007,5,2018,2,210,151615,0,2,2,2,2,1,84240000,4472,2.0,1,5,7,5,8,2,2,0,0,3,2,0,0,0,0,0,0,0,0,0,0,0,0,,31710312,https://surgut.drom.ru/volvo/xc90/31710312.html,430000
4,3,1,2007,5,2018,2,210,120481,0,2,2,2,2,1,84240000,4472,2.0,1,5,7,5,8,2,2,0,0,3,2,0,0,0,0,0,0,0,0,0,0,0,0,,31655363,https://chelyabinsk.drom.ru/volvo/xc90/31655363.html,690000
4,3,2,2008,5,2018,2,185,111474,0,2,2,2,2,1,84240000,4472,2.0,1,5,7,5,8,2,2,0,0,3,2,0,0,0,0,0,0,0,0,0,0,0,0,,30347061,https://ekaterinburg.drom.ru/volvo/xc90/30347061.html,649900
4,3,2,2008,5,2018,2,185,149750,0,2,2,2,2,1,84240000,4472,2.0,1,5,7,5,8,2,2,0,0,3,2,0,0,0,0,0,0,0,0,0,0,0,0,,31534448,https://ekaterinburg.drom.ru/volvo/xc70/31534448.html,699000
4,3,2,2007,5,2018,2,185,143537,0,2,2,2,2,1,84240000,4472,2.0,1,5,7,5,8,2,2,0,0,3,2,0,0,0,0,0,0,0,0,0,0,0,0,,31823906,https://moscow.drom.ru/volvo/xc90/31823906.html,690000
4,3,2,2008,5,2018,2,185,120014,0,2,2,2,2,1,84240000,4472,2.0,1,5,7,5,8,2,2,0,0,3,2,0,0,0,0,0,0,0,0,0,0,0,0,,31819842,https://krasnoyarsk.drom.ru/volvo/xc90/31819842.html,730000
4,3,1,2007,5,2018,2,209,128624,0,2,2,2,2,1,84240000,4472,2.0,1,5,7,5,8,2,2,0,0,3,2,0,0,0,0,0,0,0,0,0,0,0,0,,31451130,https://ekaterinburg.drom.ru/volvo/xc90/31451130.html,590000
4,3,2,2009,5,2018,2,185,123475,0,2,2,2,2,1,84240000,4472,2.0,1,5,7,5,8,2,2,0,0,3,2,0,0,0,0,0,0,0,0,0,0,0,0,,31762137,https://moscow.drom.ru/volvo/xc70/31762137.html,765000
4,3,1,2007,5,2018,2,210,113090,0,2,2,2,2,1,84240000,4472,2.0,1,5,7,5,8,2,2,0,0,3,2,0,0,0,0,0,0,0,0,0,0,0,0,,30650382,https://noviy-urengoy.drom.ru/volvo/xc90/30650382.html,620000
4,3,1,2007,5,2018,2,210,118061,0,2,2,2,2,1,84240000,4472,2.0,1,5,7,5,8,2,2,0,0,3,2,0,0,0,0,0,0,0,0,0,0,0,0,,31608552,https://abakan.drom.ru/volvo/xc90/31608552.html,650000
4,3,2,2008,5,2018,2,185,150993,0,2,2,2,2,1,84240000,4472,2.0,1,5,7,5,8,2,2,0,0,3,2,0,0,0,0,0,0,0,0,0,0,0,0,,31224837,https://ufa.drom.ru/volvo/xc90/31224837.html,830000
4,3,2,2008,5,2018,2,185,121167,0,2,2,2,2,1,84240000,4472,2.0,1,5,7,5,8,2,2,0,0,3,2,0,0,0,0,0,0,0,0,0,0,0,0,,31587274,https://kaliningrad.drom.ru/volvo/xc90/31587274.html,825000
4,3,2,2008,5,2018,2,185,149750,0,2,2,2,2,1,84240000,4472,2.0,1,5,7,5,8,2,2,0,0,3,2,0,0,0,0,0,0,0,0,0,0,0,0,,31553459,https://krasnoyarsk.drom.ru/volvo/xc90/31553459.html,795000
4,3,2,2007,5,2018,2,185,120029,0,2,2,2,2,1,84240000,4472,2.0,1,5,7,5,8,2,2,0,0,3,2,0,0,0,0,0,0,0,0,0,0,0,0,,31113081,https://krasnoyarsk.drom.ru/volvo/xc90/31113081.html,800000
4,3,2,2008,5,2018,2,185,136702,0,2,2,2,2,1,84240000,4472,2.0,1,5,7,5,8,2,2,0,0,3,2,0,0,0,0,0,0,0,0,0,0,0,0,,31452268,https://leninsk-kuznetskiy.drom.ru/volvo/xc90/31452268.html,780000
4,3,2,2008,5,2018,2,185,129867,0,2,2,2,2,1,84240000,4472,2.0,1,5,7,5,8,2,2,0,0,3,2,0,0,0,0,0,0,0,0,0,0,0,0,,31437771,https://novosibirsk.drom.ru/volvo/xc70/31437771.html,550000
4,3,2,2008,5,2018,2,185,138781,0,2,2,2,2,1,84240000,4472,2.0,1,5,7,5,8,2,2,0,0,3,2,0,0,0,0,0,0,0,0,0,0,0,0,,31436431,https://chelyabinsk.drom.ru/volvo/xc90/31436431.html,669000
4,3,1,2007,5,2018,2,210,133595,0,2,2,2,2,1,84240000,4472,2.0,1,5,7,5,8,2,2,0,0,3,2,0,0,0,0,0,0,0,0,0,0,0,0,,31429648,https://moscow.drom.ru/volvo/xc90/31429648.html,550000
4,3,1,2008,5,2018,2,210,110604,0,2,2,2,2,1,84240000,4472,2.0,1,5,7,5,8,2,2,0,0,3,2,0,0,0,0,0,0,0,0,0,0,0,0,,29170851,https://omsk.drom.ru/volvo/xc90/29170851.html,805000
4,3,1,2007,5,2018,2,209,115575,0,2,2,2,2,1,84240000,4472,2.0,1,5,7,5,8,2,2,0,0,3,2,0,0,0,0,0,0,0,0,0,0,0,0,,31369826,https://perm.drom.ru/volvo/xc90/31369826.html,670000
4,3,1,2007,5,2018,2,210,131109,0,2,2,2,2,1,84240000,4472,2.0,1,5,7,5,8,2,2,0,0,3,2,0,0,0,0,0,0,0,0,0,0,0,0,,29829143,https://abakan.drom.ru/volvo/xc70/29829143.html,485000
4,3,2,2008,5,2018,2,187,118061,0,2,2,2,2,1,84240000,4472,2.0,1,5,7,5,8,2,2,0,0,3,2,0,0,0,0,0,0,0,0,0,0,0,0,,20878590,https://omsk.drom.ru/volvo/xc70/20878590.html,565000
4,3,2,2008,5,2018,2,185,144872,0,2,2,2,2,1,84240000,4472,2.0,1,5,7,5,8,2,2,0,0,3,2,0,0,0,0,0,0,0,0,0,0,0,0,,31220262,https://ekaterinburg.drom.ru/volvo/xc90/31220262.html,600000
4,3,2,2008,5,2018,2,185,145339,0,2,2,2,2,1,84240000,4472,2.0,1,5,7,5,8,2,2,0,0,3,2,0,0,0,0,0,0,0,0,0,0,0,0,,31301275,https://cheboksary.drom.ru/volvo/xc90/31301275.html,779000
4,3,2,2009,5,2018,2,185,111412,0,2,2,2,2,1,84240000,4472,2.0,1,5,7,5,8,2,2,0,0,3,2,0,0,0,0,0,0,0,0,0,0,0,0,,31269337,https://orehovo-zuevo.drom.ru/volvo/xc60/31269337.html,830000
4,3,2,2008,5,2018,2,185,135459,0,2,2,2,2,1,84240000,4472,2.0,1,5,7,5,8,2,2,0,0,3,2,0,0,0,0,0,0,0,0,0,0,0,0,,30234641,https://salavat.drom.ru/volvo/xc70/30234641.html,650000
4,3,2,2008,5,2018,2,185,136702,0,2,2,2,2,1,84240000,4472,2.0,1,5,7,5,8,2,2,0,0,3,2,0,0,0,0,0,0,0,0,0,0,0,0,,31204371,https://ulan-ude.drom.ru/volvo/xc90/31204371.html,580000
4,3,2,2007,5,2018,2,185,145401,0,2,2,2,2,1,84240000,4472,2.0,1,5,7,5,8,2,2,0,0,3,2,0,0,0,0,0,0,0,0,0,0,0,0,,31210272,https://ekaterinburg.drom.ru/volvo/xc90/31210272.html,649000
4,3,2,2007,5,2018,1,185,136702,0,2,2,2,2,1,84240000,4472,2.0,1,5,7,5,8,2,2,0,0,3,2,0,0,0,0,0,0,0,0,0,0,0,0,,27540167,https://tyumen.drom.ru/volvo/xc90/27540167.html,680000
4,3,2,2008,5,2018,2,185,124274,0,2,2,2,2,1,84240000,4472,2.0,1,5,7,5,8,2,2,0,0,3,2,0,0,0,0,0,0,0,0,0,0,0,0,,30695709,https://novosibirsk.drom.ru/volvo/xc70/30695709.html,750000
4,3,1,2007,5,2018,2,210,118061,0,2,2,2,2,1,84240000,4472,2.0,1,5,7,5,8,2,2,0,0,3,2,0,0,0,0,0,0,0,0,0,0,0,0,,30107398,https://novosibirsk.drom.ru/volvo/xc90/30107398.html,670000
4,3,2,2008,5,2018,2,185,138781,0,2,2,2,2,1,84240000,4472,2.0,1,5,7,5,8,2,2,0,0,3,2,0,0,0,0,0,0,0,0,0,0,0,0,,31081326,https://chelyabinsk.drom.ru/volvo/xc90/31081326.html,679000
4,3,2,2009,5,2018,2,205,142797,0,2,2,2,2,1,84240000,4472,2.0,1,5,7,5,8,2,2,0,0,3,2,0,0,0,0,0,0,0,0,0,0,0,0,,31013355,https://krasnoyarsk.drom.ru/volvo/xc60/31013355.html,840000
4,3,2,2008,5,2018,2,185,120340,0,2,2,2,2,1,84240000,4472,2.0,1,5,7,5,8,2,2,0,0,3,2,0,0,0,0,0,0,0,0,0,0,0,0,,30982256,https://moscow.drom.ru/volvo/xc90/30982256.html,999000
4,3,1,2007,5,2018,2,210,123715,0,2,2,2,2,1,84240000,4472,2.0,1,5,7,5,8,2,2,0,0,3,2,0,0,0,0,0,0,0,0,0,0,0,0,,30644611,https://ekaterinburg.drom.ru/volvo/xc90/30644611.html,419000
4,3,1,2007,5,2018,2,209,149129,0,2,2,2,2,1,84240000,4472,2.0,1,5,7,5,8,2,2,0,0,3,2,0,0,0,0,0,0,0,0,0,0,0,0,,30916082,https://poykovskiy.drom.ru/volvo/xc70/30916082.html,490000
4,3,1,2007,5,2018,2,210,130488,0,2,2,2,2,1,84240000,4472,2.0,1,5,7,5,8,2,2,0,0,3,2,0,0,0,0,0,0,0,0,0,0,0,0,,28656572,https://omsk.drom.ru/volvo/xc90/28656572.html,650000
4,3,1,2007,5,2018,2,210,116818,0,2,2,2,2,1,84240000,4472,2.0,1,5,7,5,8,2,2,0,0,3,2,0,0,0,0,0,0,0,0,0,0,0,0,,30910765,https://chelyabinsk.drom.ru/volvo/xc90/30910765.html,649000
4,3,1,2007,5,2018,2,210,136702,0,2,2,2,2,1,84240000,4472,2.0,1,5,7,5,8,2,2,0,0,3,2,0,0,0,0,0,0,0,0,0,0,0,0,,28500304,https://tyumen.drom.ru/volvo/xc90/28500304.html,690000
4,3,1,2007,5,2018,2,210,139809,0,2,2,2,2,1,84240000,4472,2.0,1,5,7,5,8,2,2,0,0,3,2,0,0,0,0,0,0,0,0,0,0,0,0,,28992541,https://krasnoyarsk.drom.ru/volvo/xc90/28992541.html,800000
4,3,2,2008,5,2018,2,185,138082,0,2,2,2,2,1,84240000,4472,2.0,1,5,7,5,8,2,2,0,0,3,2,0,0,0,0,0,0,0,0,0,0,0,0,,30076869,https://ulan-ude.drom.ru/volvo/xc90/30076869.html,670000
4,3,1,2007,5,2018,2,210,146644,0,2,2,2,2,1,84240000,4472,2.0,1,5,7,5,8,2,2,0,0,3,2,0,0,0,0,0,0,0,0,0,0,0,0,,30898523,https://moscow.drom.ru/volvo/xc90/30898523.html,680000
4,3,2,2008,5,2018,2,185,147451,0,2,2,2,2,1,84240000,4472,2.0,1,5,7,5,8,2,2,0,0,3,2,0,0,0,0,0,0,0,0,0,0,0,0,,29972487,https://ekaterinburg.drom.ru/volvo/xc70/29972487.html,799900
4,3,1,2007,5,2018,2,210,130488,0,2,2,2,2,1,84240000,4472,2.0,1,5,7,5,8,2,2,0,0,3,2,0,0,0,0,0,0,0,0,0,0,0,0,,30299505,https://ekaterinburg.drom.ru/volvo/xc90/30299505.html,549999
4,3,2,2009,5,2018,2,185,111992,0,2,2,2,2,1,84240000,4472,2.0,1,5,7,5,8,2,2,0,0,3,2,0,0,0,0,0,0,0,0,0,0,0,0,,29326138,https://krasnodar.drom.ru/volvo/xc90/29326138.html,860000
4,3,1,2007,5,2018,2,210,136080,0,2,2,2,2,1,84240000,4472,2.0,1,5,7,5,8,2,2,0,0,3,2,0,0,0,0,0,0,0,0,0,0,0,0,,30379789,https://tyumen.drom.ru/volvo/xc90/30379789.html,720000
4,3,2,2008,5,2018,2,184,109361,0,2,2,2,2,1,84240000,4472,2.0,1,5,7,5,8,2,2,0,0,3,2,0,0,0,0,0,0,0,0,0,0,0,0,,30571028,https://ekaterinburg.drom.ru/volvo/xc70/30571028.html,639000
4,3,2,2008,5,2018,2,185,140430,0,2,2,2,2,1,84240000,4472,2.0,1,5,7,5,8,2,2,0,0,3,2,0,0,0,0,0,0,0,0,0,0,0,0,,28636847,https://ekaterinburg.drom.ru/volvo/xc90/28636847.html,650000
4,3,2,2008,5,2018,2,185,111847,0,2,2,2,2,1,84240000,4472,2.0,1,5,7,5,8,2,2,0,0,3,2,0,0,0,0,0,0,0,0,0,0,0,0,,28563584,https://ekaterinburg.drom.ru/volvo/xc90/28563584.html,890000
4,3,2,2008,5,2018,2,185,124274,0,2,2,2,2,1,84240000,4472,2.0,1,5,7,5,8,2,2,0,0,3,2,0,0,0,0,0,0,0,0,0,0,0,0,,30352372,https://novosibirsk.drom.ru/volvo/xc70/30352372.html,630000
4,3,1,2007,5,2018,2,209,149129,0,2,2,2,2,1,84240000,4472,2.0,1,5,7,5,8,2,2,0,0,3,2,0,0,0,0,0,0,0,0,0,0,0,0,,30351504,https://ufa.drom.ru/volvo/xc70/30351504.html,490000
4,3,2,2008,5,2018,2,185,125517,0,2,2,2,2,1,84240000,4472,2.0,1,5,7,5,8,2,2,0,0,3,2,0,0,0,0,0,0,0,0,0,0,0,0,,28947337,https://tyumen.drom.ru/volvo/xc90/28947337.html,780000
4,3,1,2007,5,2018,2,209,117439,0,2,2,2,2,1,84240000,4472,2.0,1,5,7,5,8,2,2,0,0,3,2,0,0,0,0,0,0,0,0,0,0,0,0,,27281939,https://novosibirsk.drom.ru/volvo/xc90/27281939.html,699000
4,3,2,2008,5,2018,2,185,119925,0,2,2,2,2,1,84240000,4472,2.0,1,5,7,5,8,2,2,0,0,3,2,0,0,0,0,0,0,0,0,0,0,0,0,,29758312,https://kemerovo.drom.ru/volvo/xc90/29758312.html,650000
4,3,1,2007,5,2018,2,209,137944,0,2,2,2,2,1,84240000,4472,2.0,1,5,7,5,8,2,2,0,0,3,2,0,0,0,0,0,0,0,0,0,0,0,0,,30243244,https://pskov.drom.ru/volvo/xc70/30243244.html,499000
4,3,2,2008,5,2018,2,185,136702,0,2,2,2,2,1,84240000,4472,2.0,1,5,7,5,8,2,2,0,0,3,2,0,0,0,0,0,0,0,0,0,0,0,0,,29881038,https://zlatoust.drom.ru/volvo/xc70/29881038.html,600000
4,3,2,2008,5,2018,2,184,141673,0,2,2,2,2,1,84240000,4472,2.0,1,5,7,5,8,2,2,0,0,3,2,0,0,0,0,0,0,0,0,0,0,0,0,,30126955,https://ekaterinburg.drom.ru/volvo/xc90/30126955.html,650000
4,3,2,2008,5,2018,2,185,121167,0,2,2,2,2,1,84240000,4472,2.0,1,5,7,5,8,2,2,0,0,3,2,0,0,0,0,0,0,0,0,0,0,0,0,,30124868,https://surgut.drom.ru/volvo/xc90/30124868.html,800000
4,3,1,2008,5,2018,2,210,109361,0,2,2,2,2,1,84240000,4472,2.0,1,5,7,5,8,2,2,0,0,3,2,0,0,0,0,0,0,0,0,0,0,0,0,,30120648,https://tomsk.drom.ru/volvo/xc90/30120648.html,840000
4,3,1,2008,5,2018,2,209,148508,0,2,2,2,2,1,84240000,4472,2.0,1,5,7,5,8,2,2,0,0,3,2,0,0,0,0,0,0,0,0,0,0,0,0,,29927733,https://novosibirsk.drom.ru/volvo/xc90/29927733.html,730000
4,3,1,2008,5,2018,2,209,136702,0,2,2,2,2,1,84240000,4472,2.0,1,5,7,5,8,2,2,0,0,3,2,0,0,0,0,0,0,0,0,0,0,0,0,,30052903,https://dzhankoy.drom.ru/volvo/xc90/30052903.html,800000
4,3,1,2007,5,2018,2,210,109858,0,2,2,2,2,1,84240000,4472,2.0,1,5,7,5,8,2,2,0,0,3,2,0,0,0,0,0,0,0,0,0,0,0,0,,30052611,https://moscow.drom.ru/volvo/xc90/30052611.html,680000
4,3,2,2008,5,2018,2,185,146644,0,2,2,2,2,1,84240000,4472,2.0,1,5,7,5,8,2,2,0,0,3,2,0,0,0,0,0,0,0,0,0,0,0,0,,29285551,https://tyumen.drom.ru/volvo/xc90/29285551.html,699000
4,3,2,2007,5,2018,2,185,142294,0,2,2,2,2,1,84240000,4472,2.0,1,5,7,5,8,2,2,0,0,3,2,0,0,0,0,0,0,0,0,0,0,0,0,,28770053,https://moscow.drom.ru/volvo/xc90/28770053.html,705000
4,3,2,2008,5,2018,2,185,138566,0,2,2,2,2,1,84240000,4472,2.0,1,5,7,5,8,2,2,0,0,3,2,0,0,0,0,0,0,0,0,0,0,0,0,,29969572,https://aleysk.drom.ru/volvo/xc90/29969572.html,890000
4,3,2,2007,5,2018,2,185,136702,0,2,2,2,2,1,84240000,4472,2.0,1,5,7,5,8,2,2,0,0,3,2,0,0,0,0,0,0,0,0,0,0,0,0,,29945318,https://chelyabinsk.drom.ru/volvo/xc90/29945318.html,710000
4,3,1,2007,5,2018,2,210,124274,0,2,2,2,2,1,84240000,4472,2.0,1,5,7,5,8,2,2,0,0,3,2,0,0,0,0,0,0,0,0,0,0,0,0,,29940081,https://ekaterinburg.drom.ru/volvo/xc90/29940081.html,560000
4,3,2,2008,5,2018,2,185,113090,0,2,2,2,2,1,84240000,4472,2.0,1,5,7,5,8,2,2,0,0,3,2,0,0,0,0,0,0,0,0,0,0,0,0,,28630056,https://chelyabinsk.drom.ru/volvo/xc70/28630056.html,730000
4,3,2,2007,5,2018,2,185,136702,0,2,2,2,2,1,84240000,4472,2.0,1,5,7,5,8,2,2,0,0,3,2,0,0,0,0,0,0,0,0,0,0,0,0,,29733479,https://volgograd.drom.ru/volvo/xc90/29733479.html,780000
4,3,1,2007,5,2018,2,209,134216,0,2,2,2,2,1,84240000,4472,2.0,1,5,7,5,8,2,2,0,0,3,2,0,0,0,0,0,0,0,0,0,0,0,0,,23622598,https://novosibirsk.drom.ru/volvo/xc70/23622598.html,580000
4,3,1,2007,5,2018,2,210,112026,0,2,2,2,2,1,84240000,4472,2.0,1,5,7,5,8,2,2,0,0,3,2,0,0,0,0,0,0,0,0,0,0,0,0,,28748551,https://noyabrsk.drom.ru/volvo/xc90/28748551.html,750000
4,3,2,2009,5,2018,2,185,149129,0,2,2,2,2,1,84240000,4472,2.0,1,5,7,5,8,2,2,0,0,3,2,0,0,0,0,0,0,0,0,0,0,0,0,,28408886,https://krasnodar.drom.ru/volvo/xc60/28408886.html,790000
4,3,1,2008,5,2018,2,209,137350,0,2,2,2,2,1,84240000,4472,2.0,1,5,7,5,8,2,2,0,0,3,2,0,0,0,0,0,0,0,0,0,0,0,0,,29622268,https://moscow.drom.ru/volvo/xc90/29622268.html,930000
4,3,2,2007,5,2018,2,185,128002,0,2,2,2,2,1,84240000,4472,2.0,1,5,7,5,8,2,2,0,0,3,2,0,0,0,0,0,0,0,0,0,0,0,0,,16086210,https://sayanogorsk.drom.ru/volvo/xc90/16086210.html,700000
4,3,2,2008,5,2018,2,184,149129,0,2,2,2,2,1,84240000,4472,2.0,1,5,7,5,8,2,2,0,0,3,2,0,0,0,0,0,0,0,0,0,0,0,0,,29603000,https://chelyabinsk.drom.ru/volvo/xc70/29603000.html,599000
4,3,2,2008,5,2018,2,185,121789,0,2,2,2,2,1,84240000,4472,2.0,1,5,7,5,8,2,2,0,0,3,2,0,0,0,0,0,0,0,0,0,0,0,0,,29479125,https://ufa.drom.ru/volvo/xc90/29479125.html,1000000
4,3,2,2008,5,2018,2,205,136702,0,2,2,2,2,1,84240000,4472,2.0,1,5,7,5,8,2,2,0,0,3,2,0,0,0,0,0,0,0,0,0,0,0,0,,27895557,https://ekaterinburg.drom.ru/volvo/xc70/27895557.html,630000
4,3,1,2007,5,2018,2,210,142915,0,2,2,2,2,1,84240000,4472,2.0,1,5,7,5,8,2,2,0,0,3,2,0,0,0,0,0,0,0,0,0,0,0,0,,29410343,https://krasnoyarsk.drom.ru/volvo/xc90/29410343.html,749000
4,3,1,2007,5,2018,2,209,132973,0,2,2,2,2,1,84240000,4472,2.0,1,5,7,5,8,2,2,0,0,3,2,0,0,0,0,0,0,0,0,0,0,0,0,,29395774,https://ekaterinburg.drom.ru/volvo/xc70/29395774.html,524900
4,3,2,2009,5,2018,2,209,132973,0,2,2,2,2,1,84240000,4472,2.0,1,5,7,5,8,2,2,0,0,3,2,0,0,0,0,0,0,0,0,0,0,0,0,,27467395,https://ust-ilimsk.drom.ru/volvo/xc90/27467395.html,850000
4,3,1,2007,5,2018,2,210,130488,0,2,2,2,2,1,84240000,4472,2.0,1,5,7,5,8,2,2,0,0,3,2,0,0,0,0,0,0,0,0,0,0,0,0,,29367778,https://izhevsk.drom.ru/volvo/xc90/29367778.html,599000
4,3,1,2008,5,2018,2,209,146644,0,2,2,2,2,1,84240000,4472,2.0,1,5,7,5,8,2,2,0,0,3,2,0,0,0,0,0,0,0,0,0,0,0,0,,29366835,https://novosibirsk.drom.ru/volvo/xc90/29366835.html,800000
4,3,1,2008,5,2018,2,210,111847,0,2,2,2,2,1,84240000,4472,2.0,1,5,7,5,8,2,2,0,0,3,2,0,0,0,0,0,0,0,0,0,0,0,0,,29350532,https://moscow.drom.ru/volvo/xc90/29350532.html,689000
4,3,1,2008,5,2018,2,210,147886,0,2,2,2,2,1,84240000,4472,2.0,1,5,7,5,8,2,2,0,0,3,2,0,0,0,0,0,0,0,0,0,0,0,0,,29307054,https://krasnoyarsk.drom.ru/volvo/xc90/29307054.html,835000
4,3,1,2007,5,2018,2,209,144158,0,2,2,2,2,1,84240000,4472,2.0,1,5,7,5,8,2,2,0,0,3,2,0,0,0,0,0,0,0,0,0,0,0,0,,29297478,https://chelyabinsk.drom.ru/volvo/xc70/29297478.html,555000
4,3,1,2007,5,2018,2,209,132973,0,2,2,2,2,1,84240000,4472,2.0,1,5,7,5,8,2,2,0,0,3,2,0,0,0,0,0,0,0,0,0,0,0,0,,29276631,https://nizhniy-tagil.drom.ru/volvo/xc70/29276631.html,500000
4,3,2,2007,5,2018,2,185,128002,0,2,2,2,2,1,84240000,4472,2.0,1,5,7,5,8,2,2,0,0,3,2,0,0,0,0,0,0,0,0,0,0,0,0,,25692628,https://kiselevsk.drom.ru/volvo/xc90/25692628.html,700000
4,3,1,2007,5,2018,2,210,110765,0,2,2,2,2,1,84240000,4472,2.0,1,5,7,5,8,2,2,0,0,3,2,0,0,0,0,0,0,0,0,0,0,0,0,,29204438,https://moscow.drom.ru/volvo/xc70/29204438.html,470000
4,3,1,2007,5,2018,2,210,142915,0,2,2,2,2,1,84240000,4472,2.0,1,5,7,5,8,2,2,0,0,3,2,0,0,0,0,0,0,0,0,0,0,0,0,,29115767,https://moscow.drom.ru/volvo/xc90/29115767.html,649000
4,3,1,2007,5,2018,2,210,118061,0,2,2,2,2,1,84240000,4472,2.0,1,5,7,5,8,2,2,0,0,3,2,0,0,0,0,0,0,0,0,0,0,0,0,,29095856,https://astrahan.drom.ru/volvo/xc90/29095856.html,695000
4,3,2,2007,5,2018,2,185,111847,0,2,2,2,2,1,84240000,4472,2.0,1,5,7,5,8,2,2,0,0,3,2,0,0,0,0,0,0,0,0,0,0,0,0,,29042326,https://angarsk.drom.ru/volvo/xc90/29042326.html,920000
4,3,1,2007,5,2018,2,210,123031,0,2,2,2,2,1,84240000,4472,2.0,1,5,7,5,8,2,2,0,0,3,2,0,0,0,0,0,0,0,0,0,0,0,0,,28321991,https://maslyanino.drom.ru/volvo/xc90/28321991.html,690000
4,3,2,2007,5,2018,2,185,149129,0,2,2,2,2,1,84240000,4472,2.0,1,5,7,5,8,2,2,0,0,3,2,0,0,0,0,0,0,0,0,0,0,0,0,,28930045,https://kaliningrad.drom.ru/volvo/xc90/28930045.html,750000
4,3,1,2007,5,2018,2,209,108740,0,2,2,2,2,1,84240000,4472,2.0,1,5,7,5,8,2,2,0,0,3,2,0,0,0,0,0,0,0,0,0,0,0,0,,28776837,https://chelyabinsk.drom.ru/volvo/xc90/28776837.html,650000
4,3,2,2009,5,2018,2,215,111847,0,2,2,2,2,1,84240000,4472,2.0,1,5,7,5,8,2,2,0,0,3,2,0,0,0,0,0,0,0,0,0,0,0,0,,28126366,https://ekaterinburg.drom.ru/volvo/xc60/28126366.html,750000
4,3,2,2008,5,2018,2,185,108289,0,2,2,2,2,1,84240000,4472,2.0,1,5,7,5,8,2,2,0,0,3,2,0,0,0,0,0,0,0,0,0,0,0,0,,28252291,https://sevastopol.drom.ru/volvo/xc90/28252291.html,790000
4,3,2,2008,5,2018,2,185,119303,0,2,2,2,2,1,84240000,4472,2.0,1,5,7,5,8,2,2,0,0,3,2,0,0,0,0,0,0,0,0,0,0,0,0,,27638122,https://novosibirsk.drom.ru/volvo/xc90/27638122.html,850000
4,3,2,2007,5,2018,2,185,127381,0,2,2,2,2,1,84240000,4472,2.0,1,5,7,5,8,2,2,0,0,3,2,0,0,0,0,0,0,0,0,0,0,0,0,,28231310,https://novorossiysk.drom.ru/volvo/xc90/28231310.html,599000
4,3,1,2007,5,2018,2,210,113367,0,2,2,2,2,1,84240000,4472,2.0,1,5,7,5,8,2,2,0,0,3,2,0,0,0,0,0,0,0,0,0,0,0,0,,28775078,https://tyumen.drom.ru/volvo/xc90/28775078.html,720000
4,3,1,2007,5,2018,2,210,118061,0,2,2,2,2,1,84240000,4472,2.0,1,5,7,5,8,2,2,0,0,3,2,0,0,0,0,0,0,0,0,0,0,0,0,,28704946,https://chelyabinsk.drom.ru/volvo/xc90/28704946.html,559000
