brand,color,fuelType,modelDate,numberOfDoors,productionDate,vehicleTransmission,enginePower,mileage,Привод,Руль,Состояние,Владельцы,ПТС,Таможня,Владение,id,motor,внедорожник,Безопасность,Салон,Мультимедиа,Комфорт,Обзор,Защита от угона,седан,хэтчбек,Элементы экстерьера,Прочее,лифтбек,купе,пикап,минивэн,компактвэн,универсал,родстер,кабриолет,фургон,микровэн,тарга,лимузин,model,car_id,url,price
3,3,1,2003,5,2020,2,220,130488,0,2,2,3,2,1,10281600,35118,2.5,1,0,0,0,0,0,0,0,0,0,0,0,0,0,0,0,0,0,0,0,0,0,0,,37807775,https://spb.drom.ru/volkswagen/touareg/37807775.html,400000
3,3,1,2004,5,2020,2,241,111847,0,2,2,3,2,1,86572800,35118,2.5,1,0,0,0,0,0,0,0,0,0,0,0,0,0,0,0,0,0,0,0,0,0,0,,37792452,https://ekaterinburg.drom.ru/volkswagen/touareg/37792452.html,475000
3,3,1,2003,5,2020,2,220,202200,0,2,2,0,2,1,0,35118,2.5,1,0,0,0,0,0,0,0,0,0,0,0,0,0,0,0,0,0,0,0,0,0,0,,37788874,https://svobodniy.drom.ru/volkswagen/touareg/37788874.html,420000
3,3,1,2004,5,2020,2,220,152236,0,2,2,3,2,1,0,35118,2.5,1,0,0,0,0,0,0,0,0,0,0,0,0,0,0,0,0,0,0,0,0,0,0,,37782400,https://urus-martan.drom.ru/volkswagen/touareg/37782400.html,560000
3,3,1,2003,5,2020,2,220,108119,0,2,2,0,2,1,0,35118,2.5,1,0,0,0,0,0,0,0,0,0,0,0,0,0,0,0,0,0,0,0,0,0,0,,37187189,https://biysk.drom.ru/volkswagen/touareg/37187189.html,550000
3,3,1,2003,5,2020,2,220,202200,0,2,2,3,2,1,518400,35118,2.5,1,0,0,0,0,0,0,0,0,0,0,0,0,0,0,0,0,0,0,0,0,0,0,,37744553,https://nizhnevartovsk.drom.ru/volkswagen/touareg/37744553.html,400000
3,3,1,2003,5,2020,2,220,114954,0,2,2,3,2,1,31276800,35118,2.5,1,0,0,0,0,0,0,0,0,0,0,0,0,0,0,0,0,0,0,0,0,0,0,,37776960,https://ketovo.drom.ru/volkswagen/touareg/37776960.html,300000
3,3,1,2003,5,2020,2,220,198839,0,2,2,3,2,1,28512000,35118,2.5,1,0,0,0,0,0,0,0,0,0,0,0,0,0,0,0,0,0,0,0,0,0,0,,37661865,https://barnaul.drom.ru/volkswagen/touareg/37661865.html,560000
3,3,1,2004,5,2020,2,241,134527,0,2,2,0,2,1,0,35118,2.5,1,0,0,0,0,0,0,0,0,0,0,0,0,0,0,0,0,0,0,0,0,0,0,,37767432,https://tyumen.drom.ru/volkswagen/touareg/37767432.html,320000
3,3,1,2004,5,2020,2,220,127381,0,2,2,1,2,1,491875200,35118,2.5,1,0,0,0,0,0,0,0,0,0,0,0,0,0,0,0,0,0,0,0,0,0,0,,37767126,https://moscow.drom.ru/volkswagen/touareg/37767126.html,430000
3,3,1,2003,5,2020,2,220,161557,0,2,2,3,2,1,42076800,35118,2.5,1,0,0,0,0,0,0,0,0,0,0,0,0,0,0,0,0,0,0,0,0,0,0,,37765391,https://sayanskiy.drom.ru/volkswagen/touareg/37765391.html,550000
3,3,1,2004,5,2020,2,174,114954,0,2,2,3,2,1,34732800,35118,2.5,1,0,0,0,0,0,0,0,0,0,0,0,0,0,0,0,0,0,0,0,0,0,0,,37752748,https://togliatti.drom.ru/volkswagen/touareg/37752748.html,355000
3,3,1,2004,5,2020,2,220,155343,0,2,2,3,2,1,6393600,35118,2.5,1,0,0,0,0,0,0,0,0,0,0,0,0,0,0,0,0,0,0,0,0,0,0,,36967010,https://kemerovo.drom.ru/volkswagen/touareg/36967010.html,500000
3,3,1,2003,5,2020,2,220,124274,0,2,2,3,2,1,31708800,35118,2.5,1,0,0,0,0,0,0,0,0,0,0,0,0,0,0,0,0,0,0,0,0,0,0,,37289872,https://balakovo.drom.ru/volkswagen/touareg/37289872.html,350000
3,3,1,2003,5,2020,2,241,161557,0,2,2,3,2,1,84758400,35118,2.5,1,0,0,0,0,0,0,0,0,0,0,0,0,0,0,0,0,0,0,0,0,0,0,,37382264,https://nizhnevartovsk.drom.ru/volkswagen/touareg/37382264.html,300000
3,3,1,2004,5,2020,2,220,197596,0,2,2,3,2,1,65059200,35118,2.5,1,0,0,0,0,0,0,0,0,0,0,0,0,0,0,0,0,0,0,0,0,0,0,,36755160,https://nizhniy-tagil.drom.ru/volkswagen/touareg/36755160.html,400000
3,3,1,2003,5,2020,2,220,202200,0,2,2,0,2,1,0,35118,2.5,1,0,0,0,0,0,0,0,0,0,0,0,0,0,0,0,0,0,0,0,0,0,0,,37632740,https://nizhnevartovsk.drom.ru/volkswagen/touareg/37632740.html,300000
3,3,2,2004,5,2020,2,174,90060,0,2,2,3,2,1,-1814400,35118,2.5,1,0,0,0,0,0,0,0,0,0,0,0,0,0,0,0,0,0,0,0,0,0,0,,37702921,https://saratov.drom.ru/volkswagen/touareg/37702921.html,539000
3,3,1,2003,5,2020,2,220,114954,0,2,2,2,2,1,334627200,35118,2.5,1,0,0,0,0,0,0,0,0,0,0,0,0,0,0,0,0,0,0,0,0,0,0,,36930453,https://mayma.drom.ru/volkswagen/touareg/36930453.html,500000
3,3,1,2004,5,2020,2,240,144512,0,2,2,3,2,1,102038400,35118,2.5,1,0,0,0,0,0,0,0,0,0,0,0,0,0,0,0,0,0,0,0,0,0,0,,37544658,https://noyabrsk.drom.ru/volkswagen/touareg/37544658.html,430000
3,3,1,2004,5,2020,2,220,162799,0,2,2,3,2,1,21254400,35118,2.5,1,0,0,0,0,0,0,0,0,0,0,0,0,0,0,0,0,0,0,0,0,0,0,,37452276,https://iskitim.drom.ru/volkswagen/touareg/37452276.html,440000
3,3,1,2003,5,2020,2,220,180198,0,2,2,3,2,1,149731200,35118,2.5,1,0,0,0,0,0,0,0,0,0,0,0,0,0,0,0,0,0,0,0,0,0,0,,37688353,https://kurgan.drom.ru/volkswagen/touareg/37688353.html,350000
3,3,1,2003,5,2020,2,220,124274,0,2,2,3,2,1,90633600,35118,2.5,1,0,0,0,0,0,0,0,0,0,0,0,0,0,0,0,0,0,0,0,0,0,0,,35495599,https://ordynskoe.drom.ru/volkswagen/touareg/35495599.html,444000
3,3,1,2004,5,2020,2,220,202200,0,2,2,3,2,1,10627200,35118,2.5,1,0,0,0,0,0,0,0,0,0,0,0,0,0,0,0,0,0,0,0,0,0,0,,37647947,https://irkutsk.drom.ru/volkswagen/touareg/37647947.html,425000
3,3,1,2004,5,2020,2,220,130488,0,2,2,3,2,1,11145600,35118,2.5,1,0,0,0,0,0,0,0,0,0,0,0,0,0,0,0,0,0,0,0,0,0,0,,37627239,https://cherepovets.drom.ru/volkswagen/touareg/37627239.html,460000
3,3,1,2004,5,2020,2,220,124274,0,2,2,3,2,1,244339200,35118,2.5,1,0,0,0,0,0,0,0,0,0,0,0,0,0,0,0,0,0,0,0,0,0,0,,36447961,https://chelyabinsk.drom.ru/volkswagen/touareg/36447961.html,395000
3,3,1,2003,5,2020,2,220,110244,0,2,2,3,2,1,11404800,35118,2.5,1,0,0,0,0,0,0,0,0,0,0,0,0,0,0,0,0,0,0,0,0,0,0,,36919378,https://prokopyevsk.drom.ru/volkswagen/touareg/36919378.html,470000
3,3,1,2004,5,2020,2,241,155512,0,2,2,3,2,1,0,35118,2.5,1,0,0,0,0,0,0,0,0,0,0,0,0,0,0,0,0,0,0,0,0,0,0,,37594635,https://grozniy.drom.ru/volkswagen/touareg/37594635.html,380000
3,3,1,2004,5,2020,2,241,167770,0,2,2,0,2,1,0,35118,2.5,1,0,0,0,0,0,0,0,0,0,0,0,0,0,0,0,0,0,0,0,0,0,0,,37586384,https://bryansk.drom.ru/volkswagen/touareg/37586384.html,465000
3,3,2,2004,5,2020,2,174,202200,0,2,2,3,2,1,-86400,35118,2.5,1,0,0,0,0,0,0,0,0,0,0,0,0,0,0,0,0,0,0,0,0,0,0,,37119895,https://krasnoyarsk.drom.ru/volkswagen/touareg/37119895.html,750000
3,3,2,2004,5,2020,2,174,136702,0,2,2,0,2,1,0,35118,2.5,1,0,0,0,0,0,0,0,0,0,0,0,0,0,0,0,0,0,0,0,0,0,0,,34982524,https://gorno-altaysk.drom.ru/volkswagen/touareg/34982524.html,530000
3,3,1,2004,5,2020,2,220,183606,0,2,2,3,2,1,4579200,35118,2.5,1,0,0,0,0,0,0,0,0,0,0,0,0,0,0,0,0,0,0,0,0,0,0,,36517473,https://krasnodar.drom.ru/volkswagen/touareg/36517473.html,547000
3,3,1,2003,5,2020,2,220,111847,0,2,2,0,2,1,0,35118,2.5,1,0,0,0,0,0,0,0,0,0,0,0,0,0,0,0,0,0,0,0,0,0,0,,37576398,https://kurgan.drom.ru/volkswagen/touareg/37576398.html,450000
3,3,1,2004,5,2020,2,220,157207,0,2,2,3,2,1,188265600,35118,2.5,1,0,0,0,0,0,0,0,0,0,0,0,0,0,0,0,0,0,0,0,0,0,0,,35998027,https://barnaul.drom.ru/volkswagen/touareg/35998027.html,600000
3,3,1,2003,5,2020,2,220,192625,0,2,2,3,2,1,0,35118,2.5,1,0,0,0,0,0,0,0,0,0,0,0,0,0,0,0,0,0,0,0,0,0,0,,37558379,https://makhachkala.drom.ru/volkswagen/touareg/37558379.html,385000
3,3,1,2004,5,2020,2,220,153168,0,2,2,2,2,1,316483200,35118,2.5,1,0,0,0,0,0,0,0,0,0,0,0,0,0,0,0,0,0,0,0,0,0,0,,37159735,https://omsk.drom.ru/volkswagen/touareg/37159735.html,500000
3,3,1,2003,5,2020,2,220,202200,0,2,2,3,2,1,21427200,35118,2.5,1,0,0,0,0,0,0,0,0,0,0,0,0,0,0,0,0,0,0,0,0,0,0,,37532479,https://barnaul.drom.ru/volkswagen/touareg/37532479.html,700000
3,3,1,2004,5,2020,2,239,157207,0,2,2,3,2,1,90028800,35118,2.5,1,0,0,0,0,0,0,0,0,0,0,0,0,0,0,0,0,0,0,0,0,0,0,,37530868,https://stavropol.drom.ru/volkswagen/touareg/37530868.html,530000
3,3,1,2004,5,2020,2,241,201268,0,2,2,3,2,1,172886400,35118,2.5,1,0,0,0,0,0,0,0,0,0,0,0,0,0,0,0,0,0,0,0,0,0,0,,37211946,https://novosibirsk.drom.ru/volkswagen/touareg/37211946.html,450000
3,3,1,2004,5,2020,2,220,202200,0,2,2,3,2,1,144028800,35118,2.5,1,0,0,0,0,0,0,0,0,0,0,0,0,0,0,0,0,0,0,0,0,0,0,,37514282,https://habarovsk.drom.ru/volkswagen/touareg/37514282.html,400000
3,3,1,2004,5,2020,2,220,139809,0,2,2,0,2,1,0,35118,2.5,1,0,0,0,0,0,0,0,0,0,0,0,0,0,0,0,0,0,0,0,0,0,0,,36457751,https://omsk.drom.ru/volkswagen/touareg/36457751.html,509000
3,3,1,2004,5,2020,2,249,155343,0,2,2,3,2,1,89856000,35118,2.5,1,0,0,0,0,0,0,0,0,0,0,0,0,0,0,0,0,0,0,0,0,0,0,,36563244,https://stavropol.drom.ru/volkswagen/touareg/36563244.html,600000
3,3,1,2004,5,2020,2,220,124274,0,2,2,3,2,1,1814400,35118,2.5,1,0,0,0,0,0,0,0,0,0,0,0,0,0,0,0,0,0,0,0,0,0,0,,35346738,https://sovetskaya-gavan.drom.ru/volkswagen/touareg/35346738.html,580000
3,3,1,2004,5,2020,2,220,122410,0,2,2,3,2,1,117849600,35118,2.5,1,0,0,0,0,0,0,0,0,0,0,0,0,0,0,0,0,0,0,0,0,0,0,,36273434,https://omsk.drom.ru/volkswagen/touareg/36273434.html,460000
3,3,2,2004,5,2020,2,174,155343,0,2,2,3,2,1,2073600,35118,2.5,1,0,0,0,0,0,0,0,0,0,0,0,0,0,0,0,0,0,0,0,0,0,0,,37468654,https://raduzhniy-hanty.drom.ru/volkswagen/touareg/37468654.html,500000
3,3,1,2004,5,2020,2,241,124274,0,2,2,3,2,1,0,35118,2.5,1,0,0,0,0,0,0,0,0,0,0,0,0,0,0,0,0,0,0,0,0,0,0,,37458334,https://nazran.drom.ru/volkswagen/touareg/37458334.html,265000
3,3,1,2003,5,2020,2,220,217480,0,2,2,3,2,1,10886400,35118,2.5,1,0,0,0,0,0,0,0,0,0,0,0,0,0,0,0,0,0,0,0,0,0,0,,36747904,https://berdsk.drom.ru/volkswagen/touareg/36747904.html,550000
3,3,1,2003,5,2020,2,220,99419,0,2,2,3,2,1,41472000,35118,2.5,1,0,0,0,0,0,0,0,0,0,0,0,0,0,0,0,0,0,0,0,0,0,0,,36621994,https://habarovsk.drom.ru/volkswagen/touareg/36621994.html,500000
3,3,1,2004,5,2020,2,220,136702,0,2,2,3,2,1,18316800,35118,2.5,1,0,0,0,0,0,0,0,0,0,0,0,0,0,0,0,0,0,0,0,0,0,0,,35831875,https://dzhankoy.drom.ru/volkswagen/touareg/35831875.html,425000
3,3,1,2004,5,2020,2,241,171498,0,2,2,3,2,1,356572800,35118,2.5,1,0,0,0,0,0,0,0,0,0,0,0,0,0,0,0,0,0,0,0,0,0,0,,37415002,https://abakan.drom.ru/volkswagen/touareg/37415002.html,430000
3,3,1,2003,5,2020,2,220,206917,0,2,2,3,2,1,192585600,35118,2.5,1,0,0,0,0,0,0,0,0,0,0,0,0,0,0,0,0,0,0,0,0,0,0,,37033306,https://novosibirsk.drom.ru/volkswagen/touareg/37033306.html,490000
3,3,1,2003,5,2020,2,220,186411,0,2,2,3,2,1,91843200,35118,2.5,1,0,0,0,0,0,0,0,0,0,0,0,0,0,0,0,0,0,0,0,0,0,0,,36066730,https://chelyabinsk.drom.ru/volkswagen/touareg/36066730.html,400000
3,3,1,2003,5,2020,2,220,98798,0,2,2,3,2,1,0,35118,2.5,1,0,0,0,0,0,0,0,0,0,0,0,0,0,0,0,0,0,0,0,0,0,0,,35934773,https://penza.drom.ru/volkswagen/touareg/35934773.html,499999
3,3,1,2003,5,2020,2,220,180198,0,2,2,3,2,1,22204800,35118,2.5,1,0,0,0,0,0,0,0,0,0,0,0,0,0,0,0,0,0,0,0,0,0,0,,36694724,https://surgut.drom.ru/volkswagen/touareg/36694724.html,475000
3,3,1,2003,5,2020,2,220,124274,0,2,2,3,2,1,49420800,35118,2.5,1,0,0,0,0,0,0,0,0,0,0,0,0,0,0,0,0,0,0,0,0,0,0,,35833047,https://barnaul.drom.ru/volkswagen/touareg/35833047.html,535000
3,3,1,2004,5,2020,2,220,155343,0,2,2,3,2,1,43027200,35118,2.5,1,0,0,0,0,0,0,0,0,0,0,0,0,0,0,0,0,0,0,0,0,0,0,,37358837,https://surgut.drom.ru/volkswagen/touareg/37358837.html,425000
3,3,1,2003,5,2020,2,220,122410,0,2,2,3,2,1,7430400,35118,2.5,1,0,0,0,0,0,0,0,0,0,0,0,0,0,0,0,0,0,0,0,0,0,0,,37355688,https://tyumen.drom.ru/volkswagen/touareg/37355688.html,495000
3,3,1,2003,5,2020,2,220,202200,0,2,2,3,2,1,17539200,35118,2.5,1,0,0,0,0,0,0,0,0,0,0,0,0,0,0,0,0,0,0,0,0,0,0,,37363071,https://ulan-ude.drom.ru/volkswagen/touareg/37363071.html,455000
3,3,1,2003,5,2020,2,220,165906,0,2,2,3,2,1,107049600,35118,2.5,1,0,0,0,0,0,0,0,0,0,0,0,0,0,0,0,0,0,0,0,0,0,0,,37362654,https://chelyabinsk.drom.ru/volkswagen/touareg/37362654.html,410000
3,3,1,2003,5,2020,2,220,17398,0,2,2,3,2,1,44496000,35118,2.5,1,0,0,0,0,0,0,0,0,0,0,0,0,0,0,0,0,0,0,0,0,0,0,,30831112,https://magnitogorsk.drom.ru/volkswagen/touareg/30831112.html,450000
3,3,1,2003,5,2020,2,220,155343,0,2,2,3,2,1,1468800,35118,2.5,1,0,0,0,0,0,0,0,0,0,0,0,0,0,0,0,0,0,0,0,0,0,0,,37097275,https://mezhdurechensk.drom.ru/volkswagen/touareg/37097275.html,550000
3,3,1,2003,5,2020,2,220,161557,0,2,2,3,2,1,92966400,35118,2.5,1,0,0,0,0,0,0,0,0,0,0,0,0,0,0,0,0,0,0,0,0,0,0,,32679461,https://osinniki.drom.ru/volkswagen/touareg/32679461.html,480000
3,3,1,2004,5,2020,2,241,202200,0,2,2,2,2,1,118972800,35118,2.5,1,0,0,0,0,0,0,0,0,0,0,0,0,0,0,0,0,0,0,0,0,0,0,,37285723,https://surgut.drom.ru/volkswagen/touareg/37285723.html,445000
3,3,1,2003,5,2020,2,220,84143,0,2,2,3,2,1,32572800,35118,2.5,1,0,0,0,0,0,0,0,0,0,0,0,0,0,0,0,0,0,0,0,0,0,0,,37319265,https://omsk.drom.ru/volkswagen/touareg/37319265.html,530000
3,3,1,2002,5,2020,2,220,188897,0,2,2,3,2,1,33868800,35118,2.5,1,0,0,0,0,0,0,0,0,0,0,0,0,0,0,0,0,0,0,0,0,0,0,,36303311,https://tomsk.drom.ru/volkswagen/touareg/36303311.html,480000
3,3,1,2003,5,2020,2,220,167149,0,2,2,3,2,1,0,35118,2.5,1,0,0,0,0,0,0,0,0,0,0,0,0,0,0,0,0,0,0,0,0,0,0,,37305246,https://grozniy.drom.ru/volkswagen/touareg/37305246.html,390000
3,3,1,2003,5,2020,2,220,202200,0,2,2,3,2,1,40435200,35118,2.5,1,0,0,0,0,0,0,0,0,0,0,0,0,0,0,0,0,0,0,0,0,0,0,,36901344,https://habarovsk.drom.ru/volkswagen/touareg/36901344.html,549000
3,3,1,2003,5,2020,2,220,122378,0,2,2,3,2,1,6739200,35118,2.5,1,0,0,0,0,0,0,0,0,0,0,0,0,0,0,0,0,0,0,0,0,0,0,,37282236,https://tyumen.drom.ru/volkswagen/touareg/37282236.html,450000
3,3,1,2003,5,2020,2,220,184141,0,2,2,3,2,1,53913600,35118,2.5,1,0,0,0,0,0,0,0,0,0,0,0,0,0,0,0,0,0,0,0,0,0,0,,36210829,https://kamensk-uralskiy.drom.ru/volkswagen/touareg/36210829.html,450000
3,3,1,2003,5,2020,2,220,69041,0,2,2,3,2,1,59184000,35118,2.5,1,0,0,0,0,0,0,0,0,0,0,0,0,0,0,0,0,0,0,0,0,0,0,,35479703,https://rodino.drom.ru/volkswagen/touareg/35479703.html,535000
3,3,1,2003,5,2020,2,220,202200,0,2,2,3,2,1,1728000,35118,2.5,1,0,0,0,0,0,0,0,0,0,0,0,0,0,0,0,0,0,0,0,0,0,0,,37259691,https://kiselevsk.drom.ru/volkswagen/touareg/37259691.html,480000
3,3,1,2004,5,2020,2,241,81441,0,2,2,3,2,1,33609600,35118,2.5,1,0,0,0,0,0,0,0,0,0,0,0,0,0,0,0,0,0,0,0,0,0,0,,36176599,https://nizhnevartovsk.drom.ru/volkswagen/touareg/36176599.html,465000
3,3,1,2003,5,2020,2,220,186411,0,2,2,3,2,1,200102400,35118,2.5,1,0,0,0,0,0,0,0,0,0,0,0,0,0,0,0,0,0,0,0,0,0,0,,36854543,https://plast.drom.ru/volkswagen/touareg/36854543.html,550000
3,3,1,2003,5,2020,2,220,130820,0,2,2,3,2,1,13478400,35118,2.5,1,0,0,0,0,0,0,0,0,0,0,0,0,0,0,0,0,0,0,0,0,0,0,,31871603,https://omsk.drom.ru/volkswagen/touareg/31871603.html,490000
3,3,1,2003,5,2020,2,220,132973,0,2,2,3,2,1,5616000,35118,2.5,1,0,0,0,0,0,0,0,0,0,0,0,0,0,0,0,0,0,0,0,0,0,0,,36751726,https://miass.drom.ru/volkswagen/touareg/36751726.html,500000
3,3,1,2004,5,2020,2,241,202200,0,2,2,3,2,1,141782400,35118,2.5,1,0,0,0,0,0,0,0,0,0,0,0,0,0,0,0,0,0,0,0,0,0,0,,37139282,https://abakan.drom.ru/volkswagen/touareg/37139282.html,529000
3,3,1,2003,5,2020,2,220,207538,0,2,2,3,2,1,234144000,35118,2.5,1,0,0,0,0,0,0,0,0,0,0,0,0,0,0,0,0,0,0,0,0,0,0,,37199569,https://irkutsk.drom.ru/volkswagen/touareg/37199569.html,330000
3,3,2,2003,5,2020,1,174,160314,0,2,2,3,2,1,28166400,35118,2.5,1,0,0,0,0,0,0,0,0,0,0,0,0,0,0,0,0,0,0,0,0,0,0,,37179326,https://khanty-mansiysk.drom.ru/volkswagen/touareg/37179326.html,470000
3,3,1,2004,5,2020,2,220,202200,0,2,2,3,2,1,22377600,35118,2.5,1,0,0,0,0,0,0,0,0,0,0,0,0,0,0,0,0,0,0,0,0,0,0,,37182227,https://novosibirsk.drom.ru/volkswagen/touareg/37182227.html,800000
3,3,1,2003,5,2020,2,220,88549,0,2,2,3,2,1,26438400,35118,2.5,1,0,0,0,0,0,0,0,0,0,0,0,0,0,0,0,0,0,0,0,0,0,0,,37167050,https://minusinsk.drom.ru/volkswagen/touareg/37167050.html,525000
3,3,1,2004,5,2020,2,220,202200,0,2,2,3,2,1,-1728000,35118,2.5,1,0,0,0,0,0,0,0,0,0,0,0,0,0,0,0,0,0,0,0,0,0,0,,34678144,https://habarovsk.drom.ru/volkswagen/touareg/34678144.html,600000
3,3,1,2003,5,2020,2,220,136702,0,2,2,3,2,1,19094400,35118,2.5,1,0,0,0,0,0,0,0,0,0,0,0,0,0,0,0,0,0,0,0,0,0,0,,36782768,https://krasnoyarsk.drom.ru/volkswagen/touareg/36782768.html,450000
3,3,1,2003,5,2020,2,220,202200,1,2,2,3,2,1,31276800,35118,2.5,1,0,0,0,0,0,0,0,0,0,0,0,0,0,0,0,0,0,0,0,0,0,0,,37136420,https://ekaterinburg.drom.ru/volkswagen/touareg/37136420.html,230000
3,3,1,2004,5,2020,2,240,105633,0,2,2,3,2,1,2160000,35118,2.5,1,0,0,0,0,0,0,0,0,0,0,0,0,0,0,0,0,0,0,0,0,0,0,,36343876,https://simferopol.drom.ru/volkswagen/touareg/36343876.html,390000
3,3,1,2002,5,2020,2,220,133595,0,2,2,3,2,1,15724800,35118,2.5,1,0,0,0,0,0,0,0,0,0,0,0,0,0,0,0,0,0,0,0,0,0,0,,36298319,https://berezovskiy-sverd.drom.ru/volkswagen/touareg/36298319.html,430000
3,3,1,2003,5,2020,2,220,111847,0,2,2,3,2,1,-3196800,35118,2.5,1,0,0,0,0,0,0,0,0,0,0,0,0,0,0,0,0,0,0,0,0,0,0,,31877225,https://chita.drom.ru/volkswagen/touareg/31877225.html,530000
3,3,1,2003,5,2020,2,220,145401,0,2,2,3,2,1,41385600,35118,2.5,1,0,0,0,0,0,0,0,0,0,0,0,0,0,0,0,0,0,0,0,0,0,0,,35261161,https://mezhdurechensk.drom.ru/volkswagen/touareg/35261161.html,540000
3,3,1,2004,5,2020,2,220,93206,0,2,2,3,2,1,51494400,35118,2.5,1,0,0,0,0,0,0,0,0,0,0,0,0,0,0,0,0,0,0,0,0,0,0,,36967072,https://krasnoyarsk.drom.ru/volkswagen/touareg/36967072.html,449000
3,3,1,2003,5,2020,2,220,189518,0,2,2,3,2,1,21254400,35118,2.5,1,0,0,0,0,0,0,0,0,0,0,0,0,0,0,0,0,0,0,0,0,0,0,,36581998,https://ulan-ude.drom.ru/volkswagen/touareg/36581998.html,600000
3,3,1,2003,5,2020,2,220,155343,0,2,2,3,2,1,51408000,35118,2.5,1,0,0,0,0,0,0,0,0,0,0,0,0,0,0,0,0,0,0,0,0,0,0,,37089472,https://tobolsk.drom.ru/volkswagen/touareg/37089472.html,277000
3,3,1,2004,5,2020,2,241,127101,0,2,2,3,2,1,42508800,35118,2.5,1,0,0,0,0,0,0,0,0,0,0,0,0,0,0,0,0,0,0,0,0,0,0,,37089023,https://magnitogorsk.drom.ru/volkswagen/touareg/37089023.html,455000
3,3,1,2003,5,2020,2,220,202200,0,2,2,3,2,1,1036800,35118,2.5,1,0,0,0,0,0,0,0,0,0,0,0,0,0,0,0,0,0,0,0,0,0,0,,36230566,https://ekaterinburg.drom.ru/volkswagen/touareg/36230566.html,410000
3,3,1,2003,5,2020,2,220,138082,0,2,2,3,2,1,57974400,35118,2.5,1,0,0,0,0,0,0,0,0,0,0,0,0,0,0,0,0,0,0,0,0,0,0,,35581541,https://barnaul.drom.ru/volkswagen/touareg/35581541.html,535000
3,3,1,2004,5,2020,2,220,147265,0,2,2,2,2,1,2937600,35118,2.5,1,0,0,0,0,0,0,0,0,0,0,0,0,0,0,0,0,0,0,0,0,0,0,,36988092,https://artem.drom.ru/volkswagen/touareg/36988092.html,450000
3,3,1,2004,5,2020,2,220,192004,0,2,2,3,2,1,0,35118,2.5,1,0,0,0,0,0,0,0,0,0,0,0,0,0,0,0,0,0,0,0,0,0,0,,37079098,https://astrahan.drom.ru/volkswagen/touareg/37079098.html,400000
3,3,1,2004,5,2020,2,220,142915,0,2,2,3,2,1,37843200,35118,2.5,1,0,0,0,0,0,0,0,0,0,0,0,0,0,0,0,0,0,0,0,0,0,0,,35953692,https://ekaterinburg.drom.ru/volkswagen/touareg/35953692.html,459000
3,3,1,2003,5,2020,2,220,202200,0,2,2,3,2,1,-4406400,35118,2.5,1,0,0,0,0,0,0,0,0,0,0,0,0,0,0,0,0,0,0,0,0,0,0,,37069394,https://muravlenko.drom.ru/volkswagen/touareg/37069394.html,500000
3,3,1,2004,5,2020,2,220,127381,0,2,2,0,2,1,0,35118,2.5,1,0,0,0,0,0,0,0,0,0,0,0,0,0,0,0,0,0,0,0,0,0,0,,30959167,https://irkutsk.drom.ru/volkswagen/touareg/30959167.html,600000
3,3,1,2004,5,2020,2,220,202200,0,2,2,3,2,1,82771200,35118,2.5,1,0,0,0,0,0,0,0,0,0,0,0,0,0,0,0,0,0,0,0,0,0,0,,37048687,https://simferopol.drom.ru/volkswagen/touareg/37048687.html,390000
3,3,1,2004,5,2020,2,241,99419,0,2,2,3,2,1,85449600,35118,2.5,1,0,0,0,0,0,0,0,0,0,0,0,0,0,0,0,0,0,0,0,0,0,0,,37041026,https://chelyabinsk.drom.ru/volkswagen/touareg/37041026.html,390000
3,3,1,2004,5,2020,2,241,105633,0,2,2,3,2,1,34732800,35118,2.5,1,0,0,0,0,0,0,0,0,0,0,0,0,0,0,0,0,0,0,0,0,0,0,,35564529,https://sochi.drom.ru/volkswagen/touareg/35564529.html,420000
3,3,1,2004,5,2020,2,220,118682,0,2,2,3,2,1,197769600,35118,2.5,1,0,0,0,0,0,0,0,0,0,0,0,0,0,0,0,0,0,0,0,0,0,0,,37014738,https://noyabrsk.drom.ru/volkswagen/touareg/37014738.html,600000
3,3,1,2003,5,2020,2,220,202200,0,2,2,0,2,1,0,35118,2.5,1,0,0,0,0,0,0,0,0,0,0,0,0,0,0,0,0,0,0,0,0,0,0,,36621611,https://irkutsk.drom.ru/volkswagen/touareg/36621611.html,500000
3,3,2,2004,5,2020,1,174,109361,0,2,2,3,2,1,1296000,35118,2.5,1,0,0,0,0,0,0,0,0,0,0,0,0,0,0,0,0,0,0,0,0,0,0,,37003870,https://ekaterinburg.drom.ru/volkswagen/touareg/37003870.html,550000
3,3,1,2004,5,2020,2,220,91342,0,2,2,3,2,1,17884800,35118,2.5,1,0,0,0,0,0,0,0,0,0,0,0,0,0,0,0,0,0,0,0,0,0,0,,36681685,https://moscow.drom.ru/volkswagen/touareg/36681685.html,470000
3,3,1,2004,5,2020,2,220,202200,0,2,2,3,2,1,77155200,35118,2.5,1,0,0,0,0,0,0,0,0,0,0,0,0,0,0,0,0,0,0,0,0,0,0,,36982285,https://surgut.drom.ru/volkswagen/touareg/36982285.html,400000
3,3,1,2004,5,2020,2,220,202200,0,2,2,3,2,1,-1814400,35118,2.5,1,0,0,0,0,0,0,0,0,0,0,0,0,0,0,0,0,0,0,0,0,0,0,,36611558,https://habarovsk.drom.ru/volkswagen/touareg/36611558.html,440000
3,3,1,2003,5,2020,2,220,123653,0,2,2,3,2,1,72921600,35118,2.5,1,0,0,0,0,0,0,0,0,0,0,0,0,0,0,0,0,0,0,0,0,0,0,,36972212,https://volgograd.drom.ru/volkswagen/touareg/36972212.html,500000
3,3,1,2004,5,2020,2,220,147886,0,2,2,3,2,1,28166400,35118,2.5,1,0,0,0,0,0,0,0,0,0,0,0,0,0,0,0,0,0,0,0,0,0,0,,36951205,https://sibirskiy.drom.ru/volkswagen/touareg/36951205.html,465000
3,3,1,2003,5,2020,2,220,152236,0,2,2,3,2,1,18230400,35118,2.5,1,0,0,0,0,0,0,0,0,0,0,0,0,0,0,0,0,0,0,0,0,0,0,,36948265,https://nizhnevartovsk.drom.ru/volkswagen/touareg/36948265.html,330000
3,3,1,2004,5,2020,2,174,202200,0,2,2,3,2,1,84672000,35118,2.5,1,0,0,0,0,0,0,0,0,0,0,0,0,0,0,0,0,0,0,0,0,0,0,,36931849,https://ekaterinburg.drom.ru/volkswagen/touareg/36931849.html,550000
3,3,2,2004,5,2020,1,174,3107,0,2,2,3,2,1,50371200,35118,2.5,1,0,0,0,0,0,0,0,0,0,0,0,0,0,0,0,0,0,0,0,0,0,0,,32818663,https://mezhdurechensk.drom.ru/volkswagen/touareg/32818663.html,600000
3,3,2,2004,5,2020,2,174,273403,0,2,2,2,2,1,294969600,35118,2.5,1,0,0,0,0,0,0,0,0,0,0,0,0,0,0,0,0,0,0,0,0,0,0,,36216484,https://kemerovo.drom.ru/volkswagen/touareg/36216484.html,480000
3,3,1,2003,5,2020,2,220,202200,0,2,2,3,2,1,42422400,35118,2.5,1,0,0,0,0,0,0,0,0,0,0,0,0,0,0,0,0,0,0,0,0,0,0,,36906663,https://togliatti.drom.ru/volkswagen/touareg/36906663.html,350000
3,3,1,2004,5,2020,2,230,6214,0,2,2,3,2,1,2246400,35118,2.5,1,0,0,0,0,0,0,0,0,0,0,0,0,0,0,0,0,0,0,0,0,0,0,,36905994,https://gorno-altaysk.drom.ru/volkswagen/touareg/36905994.html,600000
3,3,1,2003,5,2020,2,220,149129,0,2,2,3,2,1,2937600,35118,2.5,1,0,0,0,0,0,0,0,0,0,0,0,0,0,0,0,0,0,0,0,0,0,0,,36905443,https://novosibirsk.drom.ru/volkswagen/touareg/36905443.html,450000
3,3,2,2003,5,2020,2,174,202200,0,2,2,3,2,1,0,35118,2.5,1,0,0,0,0,0,0,0,0,0,0,0,0,0,0,0,0,0,0,0,0,0,0,,36597661,https://saratov.drom.ru/volkswagen/touareg/36597661.html,450000
3,3,2,2003,5,2020,2,174,128145,0,2,2,3,2,1,15292800,35118,2.5,1,0,0,0,0,0,0,0,0,0,0,0,0,0,0,0,0,0,0,0,0,0,0,,36535409,https://novokuznetsk.drom.ru/volkswagen/touareg/36535409.html,450000
3,3,2,2004,5,2020,2,174,149129,0,2,2,3,2,1,173750400,35118,2.5,1,0,0,0,0,0,0,0,0,0,0,0,0,0,0,0,0,0,0,0,0,0,0,,36851632,https://chelyabinsk.drom.ru/volkswagen/touareg/36851632.html,410000
3,3,1,2004,5,2020,2,241,108740,0,2,2,3,2,1,40608000,35118,2.5,1,0,0,0,0,0,0,0,0,0,0,0,0,0,0,0,0,0,0,0,0,0,0,,36550615,https://kaluga.drom.ru/volkswagen/touareg/36550615.html,505000
3,3,1,2003,5,2020,2,220,202200,0,2,2,3,2,1,25920000,35118,2.5,1,0,0,0,0,0,0,0,0,0,0,0,0,0,0,0,0,0,0,0,0,0,0,,36843169,https://chelyabinsk.drom.ru/volkswagen/touareg/36843169.html,450000
3,3,1,2003,5,2020,2,220,139809,0,2,2,3,2,1,72662400,35118,2.5,1,0,0,0,0,0,0,0,0,0,0,0,0,0,0,0,0,0,0,0,0,0,0,,36809222,https://tyumen.drom.ru/volkswagen/touareg/36809222.html,500000
3,3,1,2003,5,2020,2,220,202200,0,2,2,3,2,1,232070400,35118,2.5,1,0,0,0,0,0,0,0,0,0,0,0,0,0,0,0,0,0,0,0,0,0,0,,36812426,https://omsk.drom.ru/volkswagen/touareg/36812426.html,400000
3,3,1,2004,5,2020,2,220,182683,0,2,2,3,2,1,-950400,35118,2.5,1,0,0,0,0,0,0,0,0,0,0,0,0,0,0,0,0,0,0,0,0,0,0,,35529944,https://krasnodar.drom.ru/volkswagen/touareg/35529944.html,557000
3,3,1,2003,5,2020,2,220,124274,0,2,2,3,2,1,0,35118,2.5,1,0,0,0,0,0,0,0,0,0,0,0,0,0,0,0,0,0,0,0,0,0,0,,36488506,https://nazran.drom.ru/volkswagen/touareg/36488506.html,480000
3,3,1,2004,5,2020,2,220,122410,0,2,2,3,2,1,5270400,35118,2.5,1,0,0,0,0,0,0,0,0,0,0,0,0,0,0,0,0,0,0,0,0,0,0,,36791129,https://murmansk.drom.ru/volkswagen/touareg/36791129.html,455000
3,3,1,2003,5,2020,2,220,202200,0,2,2,3,2,1,2073600,35118,2.5,1,0,0,0,0,0,0,0,0,0,0,0,0,0,0,0,0,0,0,0,0,0,0,,36789395,https://novosibirsk.drom.ru/volkswagen/touareg/36789395.html,300000
3,3,1,2003,5,2020,2,220,179334,0,2,2,3,2,1,81388800,35118,2.5,1,0,0,0,0,0,0,0,0,0,0,0,0,0,0,0,0,0,0,0,0,0,0,,35621317,https://chelyabinsk.drom.ru/volkswagen/touareg/35621317.html,390000
3,3,1,2003,5,2020,2,220,241713,0,2,2,3,2,1,54000000,35118,2.5,1,0,0,0,0,0,0,0,0,0,0,0,0,0,0,0,0,0,0,0,0,0,0,,35028425,https://armavir.drom.ru/volkswagen/touareg/35028425.html,399000
3,3,2,2004,5,2020,2,174,202200,0,2,2,3,2,1,43545600,35118,2.5,1,0,0,0,0,0,0,0,0,0,0,0,0,0,0,0,0,0,0,0,0,0,0,,36087035,https://barnaul.drom.ru/volkswagen/touareg/36087035.html,399000
3,3,1,2003,5,2020,2,220,167770,0,2,2,3,2,1,170553600,35118,2.5,1,0,0,0,0,0,0,0,0,0,0,0,0,0,0,0,0,0,0,0,0,0,0,,35511422,https://barnaul.drom.ru/volkswagen/touareg/35511422.html,500000
3,3,2,2004,5,2020,2,174,202200,0,2,2,3,2,1,22636800,35118,2.5,1,0,0,0,0,0,0,0,0,0,0,0,0,0,0,0,0,0,0,0,0,0,0,,36740551,https://berezovo.drom.ru/volkswagen/touareg/36740551.html,570000
3,3,1,2004,5,2020,1,220,98798,0,2,2,3,2,1,305251200,35118,2.5,1,0,0,0,0,0,0,0,0,0,0,0,0,0,0,0,0,0,0,0,0,0,0,,36366314,https://krasnoyarsk.drom.ru/volkswagen/touareg/36366314.html,547000
3,3,1,2003,5,2020,2,220,119925,0,2,2,3,2,1,76032000,35118,2.5,1,0,0,0,0,0,0,0,0,0,0,0,0,0,0,0,0,0,0,0,0,0,0,,36733398,https://stavropol.drom.ru/volkswagen/touareg/36733398.html,435000
3,3,1,2004,5,2020,2,220,202200,0,2,2,3,2,1,16675200,35118,2.5,1,0,0,0,0,0,0,0,0,0,0,0,0,0,0,0,0,0,0,0,0,0,0,,36004810,https://barnaul.drom.ru/volkswagen/touareg/36004810.html,439000
3,3,2,2004,5,2020,1,174,167770,1,2,2,0,2,1,0,35118,2.5,1,0,0,0,0,0,0,0,0,0,0,0,0,0,0,0,0,0,0,0,0,0,0,,35738123,https://krasnoyarsk.drom.ru/volkswagen/touareg/35738123.html,450000
3,3,2,2004,5,2020,2,174,186411,0,2,2,3,2,1,2419200,35118,2.5,1,0,0,0,0,0,0,0,0,0,0,0,0,0,0,0,0,0,0,0,0,0,0,,36384138,https://ekaterinburg.drom.ru/volkswagen/touareg/36384138.html,480000
3,3,1,2004,5,2020,2,220,202200,0,2,2,3,2,1,138153600,35118,2.5,1,0,0,0,0,0,0,0,0,0,0,0,0,0,0,0,0,0,0,0,0,0,0,,36713524,https://habarovsk.drom.ru/volkswagen/touareg/36713524.html,600000
3,3,1,2003,5,2020,2,220,173984,0,2,2,3,2,1,142560000,35118,2.5,1,0,0,0,0,0,0,0,0,0,0,0,0,0,0,0,0,0,0,0,0,0,0,,36703541,https://ekaterinburg.drom.ru/volkswagen/touareg/36703541.html,199000
3,3,1,2003,5,2020,2,220,236121,0,2,2,3,2,1,53222400,35118,2.5,1,0,0,0,0,0,0,0,0,0,0,0,0,0,0,0,0,0,0,0,0,0,0,,36345995,https://armavir.drom.ru/volkswagen/touareg/36345995.html,415000
3,3,1,2003,5,2020,2,220,138082,0,2,2,3,2,1,72576000,35118,2.5,1,0,0,0,0,0,0,0,0,0,0,0,0,0,0,0,0,0,0,0,0,0,0,,36671243,https://ekaterinburg.drom.ru/volkswagen/touareg/36671243.html,460000
3,3,1,2003,5,2020,2,220,136702,0,2,2,3,2,1,99619200,35118,2.5,1,0,0,0,0,0,0,0,0,0,0,0,0,0,0,0,0,0,0,0,0,0,0,,36701058,https://irkutsk.drom.ru/volkswagen/touareg/36701058.html,500000
3,3,1,2004,5,2020,2,220,106876,0,2,2,3,2,1,65145600,35118,2.5,1,0,0,0,0,0,0,0,0,0,0,0,0,0,0,0,0,0,0,0,0,0,0,,36700459,https://petropavlovsk-kamchatskiy.drom.ru/volkswagen/touareg/36700459.html,550000
3,3,1,2003,5,2020,2,220,202200,0,2,2,1,2,1,3974400,35118,2.5,1,0,0,0,0,0,0,0,0,0,0,0,0,0,0,0,0,0,0,0,0,0,0,,36297250,https://novosibirsk.drom.ru/volkswagen/touareg/36297250.html,470000
3,3,1,2003,5,2020,2,220,202200,0,2,2,0,2,1,0,35118,2.5,1,0,0,0,0,0,0,0,0,0,0,0,0,0,0,0,0,0,0,0,0,0,0,,36698044,https://krasnodar.drom.ru/volkswagen/touareg/36698044.html,345000
3,3,2,2004,5,2020,1,174,108740,0,2,2,3,2,1,-1209600,35118,2.5,1,0,0,0,0,0,0,0,0,0,0,0,0,0,0,0,0,0,0,0,0,0,0,,35829379,https://tyumen.drom.ru/volkswagen/touareg/35829379.html,445000
3,3,1,2004,5,2019,2,241,124274,0,2,2,3,2,1,77587200,35118,2.5,1,0,0,0,0,0,0,0,0,0,0,0,0,0,0,0,0,0,0,0,0,0,0,,32761745,https://bodaibo.drom.ru/volkswagen/touareg/32761745.html,700000
3,3,1,2003,5,2019,2,220,162178,0,2,2,3,2,1,33177600,35118,2.5,1,0,0,0,0,0,0,0,0,0,0,0,0,0,0,0,0,0,0,0,0,0,0,,36321158,https://togliatti.drom.ru/volkswagen/touareg/36321158.html,340000
3,3,1,2003,5,2019,2,220,202200,0,2,2,3,2,1,47952000,35118,2.5,1,0,0,0,0,0,0,0,0,0,0,0,0,0,0,0,0,0,0,0,0,0,0,,36674008,https://nizhnevartovsk.drom.ru/volkswagen/touareg/36674008.html,450000
3,3,1,2004,5,2019,2,220,144158,0,2,2,3,2,1,117936000,35118,2.5,1,0,0,0,0,0,0,0,0,0,0,0,0,0,0,0,0,0,0,0,0,0,0,,36438185,https://khanty-mansiysk.drom.ru/volkswagen/touareg/36438185.html,500000
3,3,1,2004,5,2019,2,220,136702,0,2,2,0,2,1,0,35118,2.5,1,0,0,0,0,0,0,0,0,0,0,0,0,0,0,0,0,0,0,0,0,0,0,,35661544,https://barnaul.drom.ru/volkswagen/touareg/35661544.html,350000
3,3,2,2004,5,2019,2,174,146022,0,2,2,3,2,1,24278400,35118,2.5,1,0,0,0,0,0,0,0,0,0,0,0,0,0,0,0,0,0,0,0,0,0,0,,34050072,https://mostovskoi.drom.ru/volkswagen/touareg/34050072.html,580000
3,3,1,2004,5,2019,2,220,202200,0,2,2,3,2,1,147398400,35118,2.5,1,0,0,0,0,0,0,0,0,0,0,0,0,0,0,0,0,0,0,0,0,0,0,,36622762,https://vladivostok.drom.ru/volkswagen/touareg/36622762.html,485000
3,3,2,2004,5,2019,2,163,134838,0,2,2,3,2,1,-4752000,35118,2.5,1,0,0,0,0,0,0,0,0,0,0,0,0,0,0,0,0,0,0,0,0,0,0,,36596011,https://megion.drom.ru/volkswagen/touareg/36596011.html,550000
3,3,2,2003,5,2019,2,174,202200,0,2,2,3,2,1,0,35118,2.5,1,0,0,0,0,0,0,0,0,0,0,0,0,0,0,0,0,0,0,0,0,0,0,,36595300,https://saratov.drom.ru/volkswagen/touareg/36595300.html,490000
3,3,1,2003,5,2019,2,220,128624,0,2,2,3,2,1,136252800,35118,2.5,1,0,0,0,0,0,0,0,0,0,0,0,0,0,0,0,0,0,0,0,0,0,0,,36460625,https://surgut.drom.ru/volkswagen/touareg/36460625.html,290000
3,3,1,2003,5,2019,2,220,144407,0,2,2,3,2,1,66528000,35118,2.5,1,0,0,0,0,0,0,0,0,0,0,0,0,0,0,0,0,0,0,0,0,0,0,,34742864,https://omsk.drom.ru/volkswagen/touareg/34742864.html,449000
3,3,2,2003,5,2019,1,174,156586,0,2,2,3,2,1,23068800,35118,2.5,1,0,0,0,0,0,0,0,0,0,0,0,0,0,0,0,0,0,0,0,0,0,0,,35718754,https://khanty-mansiysk.drom.ru/volkswagen/touareg/35718754.html,420000
3,3,1,2003,5,2019,2,220,73943,0,2,2,3,2,1,30585600,35118,2.5,1,0,0,0,0,0,0,0,0,0,0,0,0,0,0,0,0,0,0,0,0,0,0,,36044377,https://irkutsk.drom.ru/volkswagen/touareg/36044377.html,490000
3,3,1,2004,5,2019,2,220,111847,0,2,2,3,2,1,22032000,35118,2.5,1,0,0,0,0,0,0,0,0,0,0,0,0,0,0,0,0,0,0,0,0,0,0,,36109709,https://novosibirsk.drom.ru/volkswagen/touareg/36109709.html,500000
3,3,2,2004,5,2019,2,174,129545,0,2,2,3,2,1,63936000,35118,2.5,1,0,0,0,0,0,0,0,0,0,0,0,0,0,0,0,0,0,0,0,0,0,0,,36150484,https://verhnyaya-salda.drom.ru/volkswagen/touareg/36150484.html,420000
3,3,2,2004,5,2019,2,174,136702,0,2,2,3,2,1,25056000,35118,2.5,1,0,0,0,0,0,0,0,0,0,0,0,0,0,0,0,0,0,0,0,0,0,0,,36153012,https://ekaterinburg.drom.ru/volkswagen/touareg/36153012.html,500000
3,3,1,2004,5,2019,2,241,202200,0,2,2,3,2,1,187142400,35118,2.5,1,0,0,0,0,0,0,0,0,0,0,0,0,0,0,0,0,0,0,0,0,0,0,,36512363,https://moscow.drom.ru/volkswagen/touareg/36512363.html,385000
3,3,1,2003,5,2019,2,220,111225,0,2,2,3,2,1,129081600,35118,2.5,1,0,0,0,0,0,0,0,0,0,0,0,0,0,0,0,0,0,0,0,0,0,0,,36157769,https://magadan.drom.ru/volkswagen/touareg/36157769.html,450000
3,3,2,2004,5,2019,1,174,188275,0,2,2,3,2,1,44150400,35118,2.5,1,0,0,0,0,0,0,0,0,0,0,0,0,0,0,0,0,0,0,0,0,0,0,,36495478,https://barnaul.drom.ru/volkswagen/touareg/36495478.html,390000
3,3,1,2003,5,2019,2,220,202200,0,2,2,3,2,1,101692800,35118,2.5,1,0,0,0,0,0,0,0,0,0,0,0,0,0,0,0,0,0,0,0,0,0,0,,34727828,https://habarovsk.drom.ru/volkswagen/touareg/34727828.html,385000
3,3,1,2004,5,2019,2,220,180198,0,2,2,3,2,1,56851200,35118,2.5,1,0,0,0,0,0,0,0,0,0,0,0,0,0,0,0,0,0,0,0,0,0,0,,36481364,https://novokuznetsk.drom.ru/volkswagen/touareg/36481364.html,700000
3,3,1,2004,5,2019,2,220,219344,0,2,2,3,2,1,8640000,35118,2.5,1,0,0,0,0,0,0,0,0,0,0,0,0,0,0,0,0,0,0,0,0,0,0,,36275628,https://novosibirsk.drom.ru/volkswagen/touareg/36275628.html,450000
3,3,1,2004,5,2019,2,220,118061,0,2,2,3,2,1,191289600,35118,2.5,1,0,0,0,0,0,0,0,0,0,0,0,0,0,0,0,0,0,0,0,0,0,0,,35709318,https://vladivostok.drom.ru/volkswagen/touareg/35709318.html,600000
3,3,1,2003,5,2019,2,220,136702,0,2,2,3,2,1,48988800,35118,2.5,1,0,0,0,0,0,0,0,0,0,0,0,0,0,0,0,0,0,0,0,0,0,0,,36472991,https://klintsy.drom.ru/volkswagen/touareg/36472991.html,430000
3,3,1,2003,5,2019,2,220,164663,0,2,2,3,2,1,142646400,35118,2.5,1,0,0,0,0,0,0,0,0,0,0,0,0,0,0,0,0,0,0,0,0,0,0,,36439622,https://novosibirsk.drom.ru/volkswagen/touareg/36439622.html,385000
3,3,1,2004,5,2019,2,220,202200,0,2,2,3,2,1,69811200,35118,2.5,1,0,0,0,0,0,0,0,0,0,0,0,0,0,0,0,0,0,0,0,0,0,0,,36080696,https://khanty-mansiysk.drom.ru/volkswagen/touareg/36080696.html,420000
3,3,1,2004,5,2019,2,220,167770,0,2,2,3,2,1,-1296000,35118,2.5,1,0,0,0,0,0,0,0,0,0,0,0,0,0,0,0,0,0,0,0,0,0,0,,31320190,https://prokopyevsk.drom.ru/volkswagen/touareg/31320190.html,590000
3,3,1,2003,5,2019,2,220,157828,0,2,2,3,2,1,-1036800,35118,2.5,1,0,0,0,0,0,0,0,0,0,0,0,0,0,0,0,0,0,0,0,0,0,0,,35881140,https://novosibirsk.drom.ru/volkswagen/touareg/35881140.html,640000
3,3,1,2003,5,2019,2,220,95691,0,2,2,3,2,1,84412800,35118,2.5,1,0,0,0,0,0,0,0,0,0,0,0,0,0,0,0,0,0,0,0,0,0,0,,36239560,https://kerch.drom.ru/volkswagen/touareg/36239560.html,600000
3,3,1,2003,5,2019,2,220,122410,0,2,2,3,2,1,86400,35118,2.5,1,0,0,0,0,0,0,0,0,0,0,0,0,0,0,0,0,0,0,0,0,0,0,,36418448,https://omsk.drom.ru/volkswagen/touareg/36418448.html,444000
3,3,1,2003,5,2019,2,220,172220,0,2,2,3,2,1,119923200,35118,2.5,1,0,0,0,0,0,0,0,0,0,0,0,0,0,0,0,0,0,0,0,0,0,0,,36412739,https://krasnodar.drom.ru/volkswagen/touareg/36412739.html,442000
3,3,1,2003,5,2019,2,220,142915,0,2,2,3,2,1,0,35118,2.5,1,0,0,0,0,0,0,0,0,0,0,0,0,0,0,0,0,0,0,0,0,0,0,,36410524,https://ulyanovsk.drom.ru/volkswagen/touareg/36410524.html,399000
3,3,2,2004,5,2019,2,174,202200,0,2,2,3,2,1,19785600,35118,2.5,1,0,0,0,0,0,0,0,0,0,0,0,0,0,0,0,0,0,0,0,0,0,0,,35124623,https://sovetskiy.drom.ru/volkswagen/touareg/35124623.html,600000
3,3,1,2003,5,2019,2,220,142539,0,2,2,3,2,1,32054400,35118,2.5,1,0,0,0,0,0,0,0,0,0,0,0,0,0,0,0,0,0,0,0,0,0,0,,35593263,https://novosibirsk.drom.ru/volkswagen/touareg/35593263.html,580000
3,3,1,2003,5,2019,2,220,189518,0,2,2,3,2,1,15638400,35118,2.5,1,0,0,0,0,0,0,0,0,0,0,0,0,0,0,0,0,0,0,0,0,0,0,,36379899,https://ulan-ude.drom.ru/volkswagen/touareg/36379899.html,570000
3,3,1,2003,5,2019,2,220,167770,0,2,2,3,2,1,119750400,35118,2.5,1,0,0,0,0,0,0,0,0,0,0,0,0,0,0,0,0,0,0,0,0,0,0,,36361133,https://krasnodar.drom.ru/volkswagen/touareg/36361133.html,530000
3,3,1,2004,5,2019,2,220,183305,0,2,2,3,2,1,-3715200,35118,2.5,1,0,0,0,0,0,0,0,0,0,0,0,0,0,0,0,0,0,0,0,0,0,0,,32422747,https://kemerovo.drom.ru/volkswagen/touareg/32422747.html,450000
3,3,2,2004,5,2019,2,174,273403,0,2,2,2,2,1,290476800,35118,2.5,1,0,0,0,0,0,0,0,0,0,0,0,0,0,0,0,0,0,0,0,0,0,0,,36216762,https://kemerovo.drom.ru/volkswagen/touareg/36216762.html,480000
3,3,1,2004,5,2019,2,220,118061,0,2,2,0,2,1,0,35118,2.5,1,0,0,0,0,0,0,0,0,0,0,0,0,0,0,0,0,0,0,0,0,0,0,,35631747,https://barnaul.drom.ru/volkswagen/touareg/35631747.html,720000
3,3,1,2003,5,2019,2,220,186411,0,2,2,3,2,1,62380800,35118,2.5,1,0,0,0,0,0,0,0,0,0,0,0,0,0,0,0,0,0,0,0,0,0,0,,36341703,https://sterlitamak.drom.ru/volkswagen/touareg/36341703.html,455000
3,3,2,2004,5,2019,2,174,202200,0,2,2,3,2,1,125884800,35118,2.5,1,0,0,0,0,0,0,0,0,0,0,0,0,0,0,0,0,0,0,0,0,0,0,,36339918,https://simferopol.drom.ru/volkswagen/touareg/36339918.html,600000
3,3,1,2004,5,2019,2,220,202200,0,2,2,3,2,1,114393600,35118,2.5,1,0,0,0,0,0,0,0,0,0,0,0,0,0,0,0,0,0,0,0,0,0,0,,34162189,https://novosibirsk.drom.ru/volkswagen/touareg/34162189.html,400000
3,3,1,2003,5,2019,2,220,202200,0,2,2,3,2,1,96768000,35118,2.5,1,0,0,0,0,0,0,0,0,0,0,0,0,0,0,0,0,0,0,0,0,0,0,,36332949,https://usk-kut.drom.ru/volkswagen/touareg/36332949.html,510000
3,3,1,2003,5,2019,2,220,173984,0,2,2,3,2,1,7257600,35118,2.5,1,0,0,0,0,0,0,0,0,0,0,0,0,0,0,0,0,0,0,0,0,0,0,,36330381,https://tomsk.drom.ru/volkswagen/touareg/36330381.html,550000
3,3,1,2004,5,2019,2,220,114954,0,2,2,3,2,1,25660800,35118,2.5,1,0,0,0,0,0,0,0,0,0,0,0,0,0,0,0,0,0,0,0,0,0,0,,36173078,https://krasnodar.drom.ru/volkswagen/touareg/36173078.html,500000
3,3,1,2004,5,2019,2,220,178334,0,2,2,3,2,1,24796800,35118,2.5,1,0,0,0,0,0,0,0,0,0,0,0,0,0,0,0,0,0,0,0,0,0,0,,35703832,https://tyumen.drom.ru/volkswagen/touareg/35703832.html,497200
3,3,1,2003,5,2019,2,220,202200,0,2,2,3,2,1,5875200,35118,2.5,1,0,0,0,0,0,0,0,0,0,0,0,0,0,0,0,0,0,0,0,0,0,0,,36165910,https://krasnoyarsk.drom.ru/volkswagen/touareg/36165910.html,458000
3,3,2,2003,5,2019,1,174,146022,0,2,2,3,2,1,130118400,35118,2.5,1,0,0,0,0,0,0,0,0,0,0,0,0,0,0,0,0,0,0,0,0,0,0,,36021345,https://shadrinsk.drom.ru/volkswagen/touareg/36021345.html,450000
3,3,1,2004,5,2019,2,241,128065,0,2,2,3,2,1,91584000,35118,2.5,1,0,0,0,0,0,0,0,0,0,0,0,0,0,0,0,0,0,0,0,0,0,0,,32068822,https://ekaterinburg.drom.ru/volkswagen/touareg/32068822.html,500000
3,3,2,2004,5,2019,2,174,73322,0,2,2,3,2,1,10800000,35118,2.5,1,0,0,0,0,0,0,0,0,0,0,0,0,0,0,0,0,0,0,0,0,0,0,,34782903,https://habarovsk.drom.ru/volkswagen/touareg/34782903.html,695000
3,3,1,2004,5,2019,2,220,165285,0,2,2,3,2,1,10713600,35118,2.5,1,0,0,0,0,0,0,0,0,0,0,0,0,0,0,0,0,0,0,0,0,0,0,,30712775,https://surgut.drom.ru/volkswagen/touareg/30712775.html,380000
3,3,1,2004,5,2019,2,220,93206,0,2,2,3,2,1,33609600,35118,2.5,1,0,0,0,0,0,0,0,0,0,0,0,0,0,0,0,0,0,0,0,0,0,0,,35040439,https://tarko-sale.drom.ru/volkswagen/touareg/35040439.html,480000
3,3,1,2003,5,2019,2,220,95691,0,2,2,3,2,1,103420800,35118,2.5,1,0,0,0,0,0,0,0,0,0,0,0,0,0,0,0,0,0,0,0,0,0,0,,36212372,https://bakhchysaray.drom.ru/volkswagen/touareg/36212372.html,430000
3,3,1,2004,5,2019,2,220,186411,0,2,2,3,2,1,4060800,35118,2.5,1,0,0,0,0,0,0,0,0,0,0,0,0,0,0,0,0,0,0,0,0,0,0,,35828466,https://chelyabinsk.drom.ru/volkswagen/touareg/35828466.html,480000
3,3,1,2004,5,2019,2,220,124274,0,2,2,3,2,1,-3283200,35118,2.5,1,0,0,0,0,0,0,0,0,0,0,0,0,0,0,0,0,0,0,0,0,0,0,,34786707,https://gorno-altaysk.drom.ru/volkswagen/touareg/34786707.html,600000
3,3,1,2002,5,2019,2,220,149129,0,2,2,3,2,1,62121600,35118,2.5,1,0,0,0,0,0,0,0,0,0,0,0,0,0,0,0,0,0,0,0,0,0,0,,33251794,https://tomsk.drom.ru/volkswagen/touareg/33251794.html,430000
3,3,1,2003,5,2019,2,220,108989,0,2,2,3,2,1,272678400,35118,2.5,1,0,0,0,0,0,0,0,0,0,0,0,0,0,0,0,0,0,0,0,0,0,0,,36182977,https://novosibirsk.drom.ru/volkswagen/touareg/36182977.html,520000
3,3,1,2003,5,2019,2,220,202200,0,2,2,3,2,1,0,35118,2.5,1,0,0,0,0,0,0,0,0,0,0,0,0,0,0,0,0,0,0,0,0,0,0,,36004140,https://makhachkala.drom.ru/volkswagen/touareg/36004140.html,330000
3,3,2,2004,5,2019,2,174,129245,0,2,2,3,2,1,109641600,35118,2.5,1,0,0,0,0,0,0,0,0,0,0,0,0,0,0,0,0,0,0,0,0,0,0,,35800201,https://krasnoturinsk.drom.ru/volkswagen/touareg/35800201.html,520000
3,3,1,2003,5,2019,2,220,136702,0,2,2,3,2,1,67478400,35118,2.5,1,0,0,0,0,0,0,0,0,0,0,0,0,0,0,0,0,0,0,0,0,0,0,,35710528,https://tyumen.drom.ru/volkswagen/touareg/35710528.html,425000
3,3,1,2004,5,2019,2,241,129245,0,2,2,3,2,1,94608000,35118,2.5,1,0,0,0,0,0,0,0,0,0,0,0,0,0,0,0,0,0,0,0,0,0,0,,36171746,https://snezhinsk.drom.ru/volkswagen/touareg/36171746.html,485000
3,3,1,2004,5,2019,2,220,148508,0,2,2,3,2,1,20217600,35118,2.5,1,0,0,0,0,0,0,0,0,0,0,0,0,0,0,0,0,0,0,0,0,0,0,,35610505,https://troytsk-chelabinsk.drom.ru/volkswagen/touareg/35610505.html,420000
3,3,1,2003,5,2019,2,220,202200,0,2,2,3,2,1,-7603200,35118,2.5,1,0,0,0,0,0,0,0,0,0,0,0,0,0,0,0,0,0,0,0,0,0,0,,33357973,https://noviy-urengoy.drom.ru/volkswagen/touareg/33357973.html,380000
3,3,1,2003,5,2019,2,220,142915,0,2,2,3,2,1,66873600,35118,2.5,1,0,0,0,0,0,0,0,0,0,0,0,0,0,0,0,0,0,0,0,0,0,0,,35709430,https://anapa.drom.ru/volkswagen/touareg/35709430.html,485000
3,3,1,2004,5,2019,2,240,71458,0,2,2,3,2,1,1468800,35118,2.5,1,0,0,0,0,0,0,0,0,0,0,0,0,0,0,0,0,0,0,0,0,0,0,,36152085,https://yakutsk.drom.ru/volkswagen/touareg/36152085.html,635000
3,3,1,2003,5,2019,2,220,217480,0,2,2,3,2,1,128649600,35118,2.5,1,0,0,0,0,0,0,0,0,0,0,0,0,0,0,0,0,0,0,0,0,0,0,,36139026,https://sevastopol.drom.ru/volkswagen/touareg/36139026.html,760000
3,3,1,2003,5,2019,2,220,121167,0,2,2,3,2,1,36115200,35118,2.5,1,0,0,0,0,0,0,0,0,0,0,0,0,0,0,0,0,0,0,0,0,0,0,,36100249,https://omsk.drom.ru/volkswagen/touareg/36100249.html,379000
3,3,1,2004,5,2019,2,220,202200,0,2,2,3,2,1,6048000,35118,2.5,1,0,0,0,0,0,0,0,0,0,0,0,0,0,0,0,0,0,0,0,0,0,0,,29861316,https://khanty-mansiysk.drom.ru/volkswagen/touareg/29861316.html,799000
3,3,1,2003,5,2019,2,220,133090,0,2,2,1,2,1,282873600,35118,2.5,1,0,0,0,0,0,0,0,0,0,0,0,0,0,0,0,0,0,0,0,0,0,0,,36099455,https://belorechensk.drom.ru/volkswagen/touareg/36099455.html,440000
3,3,1,2003,5,2019,2,220,99419,0,2,2,3,2,1,-1987200,35118,2.5,1,0,0,0,0,0,0,0,0,0,0,0,0,0,0,0,0,0,0,0,0,0,0,,35954358,https://abakan.drom.ru/volkswagen/touareg/35954358.html,550000
3,3,1,2004,5,2019,2,220,199049,0,2,2,3,2,1,0,35118,2.5,1,0,0,0,0,0,0,0,0,0,0,0,0,0,0,0,0,0,0,0,0,0,0,,35605263,https://surgut.drom.ru/volkswagen/touareg/35605263.html,490000
3,3,1,2003,5,2019,2,220,202200,0,2,2,3,2,1,0,35118,2.5,1,0,0,0,0,0,0,0,0,0,0,0,0,0,0,0,0,0,0,0,0,0,0,,36031856,https://mariinsk.drom.ru/volkswagen/touareg/36031856.html,400000
3,3,1,2004,5,2019,2,220,202200,0,2,2,3,2,1,0,35118,2.5,1,0,0,0,0,0,0,0,0,0,0,0,0,0,0,0,0,0,0,0,0,0,0,,34867491,https://magadan.drom.ru/volkswagen/touareg/34867491.html,750000
3,3,1,2004,5,2019,2,220,131731,0,2,2,3,2,1,0,35118,2.5,1,0,0,0,0,0,0,0,0,0,0,0,0,0,0,0,0,0,0,0,0,0,0,,31840546,https://kurgan.drom.ru/volkswagen/touareg/31840546.html,460000
3,3,1,2003,5,2019,2,220,121789,0,2,2,3,2,1,0,35118,2.5,1,0,0,0,0,0,0,0,0,0,0,0,0,0,0,0,0,0,0,0,0,0,0,,36025509,https://krasnoyarsk.drom.ru/volkswagen/touareg/36025509.html,620000
3,3,1,2004,5,2019,2,220,202200,0,2,2,3,2,1,0,35118,2.5,1,0,0,0,0,0,0,0,0,0,0,0,0,0,0,0,0,0,0,0,0,0,0,,33777093,https://irkutsk.drom.ru/volkswagen/touareg/33777093.html,550000
3,3,1,2004,5,2019,2,220,116196,0,2,2,3,2,1,0,35118,2.5,1,0,0,0,0,0,0,0,0,0,0,0,0,0,0,0,0,0,0,0,0,0,0,,34865708,https://omsk.drom.ru/volkswagen/touareg/34865708.html,555555
3,3,1,2003,5,2019,2,220,160314,0,2,2,3,2,1,0,35118,2.5,1,0,0,0,0,0,0,0,0,0,0,0,0,0,0,0,0,0,0,0,0,0,0,,35593374,https://togliatti.drom.ru/volkswagen/touareg/35593374.html,500000
3,3,1,2003,5,2019,2,220,160935,0,2,2,3,2,1,0,35118,2.5,1,0,0,0,0,0,0,0,0,0,0,0,0,0,0,0,0,0,0,0,0,0,0,,35985227,https://usoliye-sibirskoe.drom.ru/volkswagen/touareg/35985227.html,590000
3,3,1,2003,5,2019,2,220,193258,0,2,2,3,2,1,0,35118,2.5,1,0,0,0,0,0,0,0,0,0,0,0,0,0,0,0,0,0,0,0,0,0,0,,35979737,https://saratov.drom.ru/volkswagen/touareg/35979737.html,435000
3,3,1,2004,5,2019,2,220,141051,0,2,2,3,2,1,0,35118,2.5,1,0,0,0,0,0,0,0,0,0,0,0,0,0,0,0,0,0,0,0,0,0,0,,35958909,https://novokuznetsk.drom.ru/volkswagen/touareg/35958909.html,450000
3,3,1,2004,5,2019,2,220,124274,0,2,2,3,2,1,0,35118,2.5,1,0,0,0,0,0,0,0,0,0,0,0,0,0,0,0,0,0,0,0,0,0,0,,34787743,https://chelyabinsk.drom.ru/volkswagen/touareg/34787743.html,380000
3,3,1,2002,5,2019,2,220,111847,0,2,2,3,2,1,0,35118,2.5,1,0,0,0,0,0,0,0,0,0,0,0,0,0,0,0,0,0,0,0,0,0,0,,35950797,https://omsk.drom.ru/volkswagen/touareg/35950797.html,550000
3,3,1,2002,5,2019,2,220,202200,0,2,2,3,2,1,0,35118,2.5,1,0,0,0,0,0,0,0,0,0,0,0,0,0,0,0,0,0,0,0,0,0,0,,35463546,https://udachniy.drom.ru/volkswagen/touareg/35463546.html,500000
3,3,1,2004,5,2019,2,241,158450,0,2,2,3,2,1,0,35118,2.5,1,0,0,0,0,0,0,0,0,0,0,0,0,0,0,0,0,0,0,0,0,0,0,,34393487,https://novosibirsk.drom.ru/volkswagen/touareg/34393487.html,450000
3,3,1,2004,5,2019,2,174,202200,0,2,2,3,2,1,0,35118,2.5,1,0,0,0,0,0,0,0,0,0,0,0,0,0,0,0,0,0,0,0,0,0,0,,35928943,https://omsk.drom.ru/volkswagen/touareg/35928943.html,550000
3,3,1,2004,5,2019,2,220,70836,0,2,2,3,2,1,0,35118,2.5,1,0,0,0,0,0,0,0,0,0,0,0,0,0,0,0,0,0,0,0,0,0,0,,35925273,https://slavyansk-na-kubani.drom.ru/volkswagen/touareg/35925273.html,550000
3,3,1,2003,5,2019,2,220,98798,0,2,2,3,2,1,0,35118,2.5,1,0,0,0,0,0,0,0,0,0,0,0,0,0,0,0,0,0,0,0,0,0,0,,35925212,https://penza.drom.ru/volkswagen/touareg/35925212.html,499999
3,3,1,2003,5,2019,2,220,202200,0,2,2,3,2,1,0,35118,2.5,1,0,0,0,0,0,0,0,0,0,0,0,0,0,0,0,0,0,0,0,0,0,0,,35922082,https://angarsk.drom.ru/volkswagen/touareg/35922082.html,480000
3,3,1,2004,5,2019,2,220,93206,0,2,2,3,2,1,0,35118,2.5,1,0,0,0,0,0,0,0,0,0,0,0,0,0,0,0,0,0,0,0,0,0,0,,35489413,https://krasnodar.drom.ru/volkswagen/touareg/35489413.html,435000
3,3,1,2004,5,2019,2,241,154721,0,2,2,3,2,1,0,35118,2.5,1,0,0,0,0,0,0,0,0,0,0,0,0,0,0,0,0,0,0,0,0,0,0,,35918585,https://krasnodar.drom.ru/volkswagen/touareg/35918585.html,443000
3,3,1,2004,5,2019,2,241,176159,0,2,2,3,2,1,0,35118,2.5,1,0,0,0,0,0,0,0,0,0,0,0,0,0,0,0,0,0,0,0,0,0,0,,35915889,https://yevpatoriya.drom.ru/volkswagen/touareg/35915889.html,490000
3,3,1,2003,5,2019,2,220,186411,0,2,2,3,2,1,0,35118,2.5,1,0,0,0,0,0,0,0,0,0,0,0,0,0,0,0,0,0,0,0,0,0,0,,35908655,https://abakan.drom.ru/volkswagen/touareg/35908655.html,550000
3,3,1,2003,5,2019,2,220,202200,0,2,2,3,2,1,0,35118,2.5,1,0,0,0,0,0,0,0,0,0,0,0,0,0,0,0,0,0,0,0,0,0,0,,35426049,https://novosibirsk.drom.ru/volkswagen/touareg/35426049.html,360000
3,3,1,2004,5,2019,2,241,163019,0,2,2,3,2,1,0,35118,2.5,1,0,0,0,0,0,0,0,0,0,0,0,0,0,0,0,0,0,0,0,0,0,0,,35890209,https://ekaterinburg.drom.ru/volkswagen/touareg/35890209.html,409000
3,3,1,2003,5,2019,2,220,206917,0,2,2,3,2,1,0,35118,2.5,1,0,0,0,0,0,0,0,0,0,0,0,0,0,0,0,0,0,0,0,0,0,0,,35468370,https://tarko-sale.drom.ru/volkswagen/touareg/35468370.html,500000
3,3,1,2003,5,2019,2,241,149129,0,2,2,3,2,1,0,35118,2.5,1,0,0,0,0,0,0,0,0,0,0,0,0,0,0,0,0,0,0,0,0,0,0,,34186261,https://snezhinsk.drom.ru/volkswagen/touareg/34186261.html,550000
3,3,1,2003,5,2019,2,174,202200,0,2,2,3,2,1,0,35118,2.5,1,0,0,0,0,0,0,0,0,0,0,0,0,0,0,0,0,0,0,0,0,0,0,,31816889,https://chelyabinsk.drom.ru/volkswagen/touareg/31816889.html,330000
3,3,1,2004,5,2019,2,220,164829,0,2,2,3,2,1,0,35118,2.5,1,0,0,0,0,0,0,0,0,0,0,0,0,0,0,0,0,0,0,0,0,0,0,,35839558,https://kemerovo.drom.ru/volkswagen/touareg/35839558.html,450000
3,3,1,2003,5,2019,2,220,202200,0,2,2,3,2,1,0,35118,2.5,1,0,0,0,0,0,0,0,0,0,0,0,0,0,0,0,0,0,0,0,0,0,0,,35821597,https://krasnoyarsk.drom.ru/volkswagen/touareg/35821597.html,412999
3,3,1,2004,5,2019,2,240,86992,0,2,2,3,2,1,0,35118,2.5,1,0,0,0,0,0,0,0,0,0,0,0,0,0,0,0,0,0,0,0,0,0,0,,34311266,https://usoliye-sibirskoe.drom.ru/volkswagen/touareg/34311266.html,520000
3,3,1,2003,5,2019,2,220,202200,0,2,2,3,2,1,0,35118,2.5,1,0,0,0,0,0,0,0,0,0,0,0,0,0,0,0,0,0,0,0,0,0,0,,35816119,https://omsk.drom.ru/volkswagen/touareg/35816119.html,470000
3,3,1,2003,5,2019,2,220,136702,0,2,2,3,2,1,0,35118,2.5,1,0,0,0,0,0,0,0,0,0,0,0,0,0,0,0,0,0,0,0,0,0,0,,33464471,https://kemerovo.drom.ru/volkswagen/touareg/33464471.html,510000
3,3,1,2003,5,2019,2,220,173984,0,2,2,3,2,1,0,35118,2.5,1,0,0,0,0,0,0,0,0,0,0,0,0,0,0,0,0,0,0,0,0,0,0,,35804694,https://chelyabinsk.drom.ru/volkswagen/touareg/35804694.html,430000
3,3,1,2003,5,2019,2,220,235746,0,2,2,3,2,1,0,35118,2.5,1,0,0,0,0,0,0,0,0,0,0,0,0,0,0,0,0,0,0,0,0,0,0,,35384310,https://saransk.drom.ru/volkswagen/touareg/35384310.html,400000
3,3,1,2003,5,2019,2,220,202200,0,2,2,3,2,1,0,35118,2.5,1,0,0,0,0,0,0,0,0,0,0,0,0,0,0,0,0,0,0,0,0,0,0,,35700283,https://krasnoyarsk.drom.ru/volkswagen/touareg/35700283.html,450000
3,3,1,2003,5,2019,2,220,202200,0,2,2,3,2,1,0,35118,2.5,1,0,0,0,0,0,0,0,0,0,0,0,0,0,0,0,0,0,0,0,0,0,0,,35581602,https://novorossiysk.drom.ru/volkswagen/touareg/35581602.html,365000
3,3,1,2003,5,2019,2,220,127381,0,2,2,3,2,1,0,35118,2.5,1,0,0,0,0,0,0,0,0,0,0,0,0,0,0,0,0,0,0,0,0,0,0,,35661233,https://simferopol.drom.ru/volkswagen/touareg/35661233.html,420000
3,3,1,2004,5,2019,2,174,202200,0,2,2,3,2,1,0,35118,2.5,1,0,0,0,0,0,0,0,0,0,0,0,0,0,0,0,0,0,0,0,0,0,0,,35600695,https://yakutsk.drom.ru/volkswagen/touareg/35600695.html,550000
3,3,1,2004,5,2019,2,220,111847,0,2,2,3,2,1,0,35118,2.5,1,0,0,0,0,0,0,0,0,0,0,0,0,0,0,0,0,0,0,0,0,0,0,,35364493,https://chelyabinsk.drom.ru/volkswagen/touareg/35364493.html,547000
3,3,1,2003,5,2019,2,220,202200,0,2,2,3,2,1,0,35118,2.5,1,0,0,0,0,0,0,0,0,0,0,0,0,0,0,0,0,0,0,0,0,0,0,,35355067,https://surgut.drom.ru/volkswagen/touareg/35355067.html,380000
3,3,1,2004,5,2019,2,240,202200,0,2,2,3,2,1,0,35118,2.5,1,0,0,0,0,0,0,0,0,0,0,0,0,0,0,0,0,0,0,0,0,0,0,,34971279,https://omsk.drom.ru/volkswagen/touareg/34971279.html,555000
3,3,1,2003,5,2019,2,220,105633,0,2,2,3,2,1,0,35118,2.5,1,0,0,0,0,0,0,0,0,0,0,0,0,0,0,0,0,0,0,0,0,0,0,,33022473,https://ulan-ude.drom.ru/volkswagen/touareg/33022473.html,550000
3,3,1,2003,5,2019,2,220,127381,0,2,2,3,2,1,0,35118,2.5,1,0,0,0,0,0,0,0,0,0,0,0,0,0,0,0,0,0,0,0,0,0,0,,35716144,https://ekaterinburg.drom.ru/volkswagen/touareg/35716144.html,395000
3,3,1,2004,5,2019,2,220,202200,0,2,2,3,2,1,0,35118,2.5,1,0,0,0,0,0,0,0,0,0,0,0,0,0,0,0,0,0,0,0,0,0,0,,35708453,https://irkutsk.drom.ru/volkswagen/touareg/35708453.html,490000
3,3,1,2002,5,2019,2,220,155343,0,2,2,3,2,1,0,35118,2.5,1,0,0,0,0,0,0,0,0,0,0,0,0,0,0,0,0,0,0,0,0,0,0,,35554955,https://kemerovo.drom.ru/volkswagen/touareg/35554955.html,465000
3,3,1,2004,5,2019,2,241,111847,0,2,2,3,2,1,0,35118,2.5,1,0,0,0,0,0,0,0,0,0,0,0,0,0,0,0,0,0,0,0,0,0,0,,35705574,https://stavropol.drom.ru/volkswagen/touareg/35705574.html,500000
3,3,1,2003,5,2019,2,220,130488,0,2,2,3,2,1,0,35118,2.5,1,0,0,0,0,0,0,0,0,0,0,0,0,0,0,0,0,0,0,0,0,0,0,,32753828,https://omsk.drom.ru/volkswagen/touareg/32753828.html,480000
3,3,1,2003,5,2019,2,221,186411,0,2,2,3,2,1,0,35118,2.5,1,0,0,0,0,0,0,0,0,0,0,0,0,0,0,0,0,0,0,0,0,0,0,,34924499,https://novokuznetsk.drom.ru/volkswagen/touareg/34924499.html,440000
3,3,1,2004,5,2019,2,220,161557,0,2,2,3,2,1,0,35118,2.5,1,0,0,0,0,0,0,0,0,0,0,0,0,0,0,0,0,0,0,0,0,0,0,,35683709,https://novosibirsk.drom.ru/volkswagen/touareg/35683709.html,650000
3,3,1,2003,5,2019,2,220,124274,0,2,2,3,2,1,0,35118,2.5,1,0,0,0,0,0,0,0,0,0,0,0,0,0,0,0,0,0,0,0,0,0,0,,35682305,https://krasnoyarsk.drom.ru/volkswagen/touareg/35682305.html,350000
3,3,1,2003,5,2019,2,220,202200,0,2,2,3,2,1,0,35118,2.5,1,0,0,0,0,0,0,0,0,0,0,0,0,0,0,0,0,0,0,0,0,0,0,,35674943,https://irkutsk.drom.ru/volkswagen/touareg/35674943.html,530000
3,3,1,2004,5,2019,2,220,621,0,2,2,3,2,1,0,35118,2.5,1,0,0,0,0,0,0,0,0,0,0,0,0,0,0,0,0,0,0,0,0,0,0,,34890066,https://novokuznetsk.drom.ru/volkswagen/touareg/34890066.html,600000
3,3,1,2003,5,2019,2,220,164042,0,2,2,3,2,1,0,35118,2.5,1,0,0,0,0,0,0,0,0,0,0,0,0,0,0,0,0,0,0,0,0,0,0,,35651329,https://omsk.drom.ru/volkswagen/touareg/35651329.html,540000
3,3,1,2003,5,2019,2,220,124274,0,2,2,3,2,1,0,35118,2.5,1,0,0,0,0,0,0,0,0,0,0,0,0,0,0,0,0,0,0,0,0,0,0,,35638543,https://rostov-na-donu.drom.ru/volkswagen/touareg/35638543.html,435000
3,3,1,2003,5,2019,2,220,108119,0,2,2,3,2,1,0,35118,2.5,1,0,0,0,0,0,0,0,0,0,0,0,0,0,0,0,0,0,0,0,0,0,0,,28209264,https://yurga.drom.ru/volkswagen/touareg/28209264.html,515000
3,3,1,2004,5,2019,2,220,3728,0,2,2,3,2,1,0,35118,2.5,1,0,0,0,0,0,0,0,0,0,0,0,0,0,0,0,0,0,0,0,0,0,0,,33761170,https://nizhniy-tagil.drom.ru/volkswagen/touareg/33761170.html,450000
