brand,color,fuelType,modelDate,numberOfDoors,productionDate,vehicleTransmission,enginePower,mileage,Привод,Руль,Состояние,Владельцы,ПТС,Таможня,Владение,id,motor,внедорожник,Безопасность,Салон,Мультимедиа,Комфорт,Обзор,Защита от угона,седан,хэтчбек,Элементы экстерьера,Прочее,лифтбек,купе,пикап,минивэн,компактвэн,универсал,родстер,кабриолет,фургон,микровэн,тарга,лимузин,model,car_id,url,price
3,5,1,2010,4,2020,4,105,7456,1,2,2,3,2,1,20822400,33481,1.4,0,8,10,6,15,7,3,1,0,2,2,0,0,0,0,0,0,0,0,0,0,0,0,,35815024,https://tyumen.drom.ru/volkswagen/polo/35815024.html,500000
3,5,1,2010,4,2019,4,152,8389,1,2,2,3,2,1,12355200,33481,1.4,0,8,10,6,15,7,3,1,0,2,2,0,0,0,0,0,0,0,0,0,0,0,0,,36661858,https://ufa.drom.ru/volkswagen/passat/36661858.html,438000
3,5,1,2010,4,2019,4,152,14575,1,2,2,2,2,1,213148800,33481,1.4,0,8,10,6,15,7,3,1,0,2,2,0,0,0,0,0,0,0,0,0,0,0,0,,34598586,https://novosibirsk.drom.ru/volkswagen/passat/34598586.html,570000
3,5,1,2010,4,2019,4,152,26098,1,2,2,2,2,1,213148800,33481,1.4,0,8,10,6,15,7,3,1,0,2,2,0,0,0,0,0,0,0,0,0,0,0,0,,32884739,https://omsk.drom.ru/volkswagen/passat/32884739.html,550000
3,5,1,2010,4,2019,4,105,22991,1,2,2,2,2,1,213148800,33481,1.4,0,8,10,6,15,7,3,1,0,2,2,0,0,0,0,0,0,0,0,0,0,0,0,,32435034,https://achinsk.drom.ru/volkswagen/polo/32435034.html,470000
3,5,1,2010,4,2018,4,152,21437,1,2,2,2,2,1,213148800,33481,1.4,0,8,10,6,15,7,3,1,0,2,2,0,0,0,0,0,0,0,0,0,0,0,0,,31307376,https://tyumen.drom.ru/volkswagen/passat/31307376.html,725000
3,5,1,2010,4,2018,4,102,32311,1,2,2,2,2,1,213148800,33481,1.4,0,8,10,6,15,7,3,1,0,2,2,0,0,0,0,0,0,0,0,0,0,0,0,,30895643,https://rostov-na-donu.drom.ru/volkswagen/jetta/30895643.html,450000
3,5,1,2010,4,2018,4,102,26719,1,2,2,2,2,1,213148800,33481,1.4,0,8,10,6,15,7,3,1,0,2,2,0,0,0,0,0,0,0,0,0,0,0,0,,30615060,https://chelyabinsk.drom.ru/volkswagen/jetta/30615060.html,510000
3,5,1,2010,4,2018,4,102,31832,1,2,2,2,2,1,213148800,33481,1.4,0,8,10,6,15,7,3,1,0,2,2,0,0,0,0,0,0,0,0,0,0,0,0,,30701235,https://omsk.drom.ru/volkswagen/jetta/30701235.html,500000
3,5,1,2010,4,2018,4,160,15233,1,2,2,2,2,1,213148800,33481,1.4,0,8,10,6,15,7,3,1,0,2,2,0,0,0,0,0,0,0,0,0,0,0,0,,30405743,https://krasnodar.drom.ru/volkswagen/passat_cc/30405743.html,790000
3,5,1,2010,4,2018,4,105,31473,1,2,2,2,2,1,213148800,33481,1.4,0,8,10,6,15,7,3,1,0,2,2,0,0,0,0,0,0,0,0,0,0,0,0,,30632299,https://tyumen.drom.ru/volkswagen/polo/30632299.html,410000
3,5,1,2010,4,2018,4,152,13936,1,2,2,2,2,1,213148800,33481,1.4,0,8,10,6,15,7,3,1,0,2,2,0,0,0,0,0,0,0,0,0,0,0,0,,30154189,https://tyumen.drom.ru/volkswagen/passat/30154189.html,800000
3,5,1,2010,4,2018,4,160,26905,1,2,2,2,2,1,213148800,33481,1.4,0,8,10,6,15,7,3,1,0,2,2,0,0,0,0,0,0,0,0,0,0,0,0,,28645492,https://omsk.drom.ru/volkswagen/passat/28645492.html,585000
3,5,1,2010,4,2018,4,102,21127,1,2,2,2,2,1,213148800,33481,1.4,0,8,10,6,15,7,3,1,0,2,2,0,0,0,0,0,0,0,0,0,0,0,0,,29803007,https://megion.drom.ru/volkswagen/jetta/29803007.html,500000
3,5,1,2010,4,2018,4,102,31069,1,2,2,2,2,1,213148800,33481,1.4,0,8,10,6,15,7,3,1,0,2,2,0,0,0,0,0,0,0,0,0,0,0,0,,29170560,https://ekaterinburg.drom.ru/volkswagen/jetta/29170560.html,620000
3,5,1,2010,4,2018,4,152,29204,1,2,2,2,2,1,213148800,33481,1.4,0,8,10,6,15,7,3,1,0,2,2,0,0,0,0,0,0,0,0,0,0,0,0,,27689767,https://novorossiysk.drom.ru/volkswagen/passat_cc/27689767.html,810000
3,5,1,2010,4,2018,4,102,26719,1,2,2,2,2,1,213148800,33481,1.4,0,8,10,6,15,7,3,1,0,2,2,0,0,0,0,0,0,0,0,0,0,0,0,,28565353,https://krasnodar.drom.ru/volkswagen/jetta/28565353.html,480000
3,5,1,2010,4,2017,4,102,28086,1,2,2,2,2,1,213148800,33481,1.4,0,8,10,6,15,7,3,1,0,2,2,0,0,0,0,0,0,0,0,0,0,0,0,,28157516,https://tyumen.drom.ru/volkswagen/jetta/28157516.html,565000
3,5,1,2010,4,2017,4,102,29204,1,2,2,2,2,1,213148800,33481,1.4,0,8,10,6,15,7,3,1,0,2,2,0,0,0,0,0,0,0,0,0,0,0,0,,27959013,https://irkutsk.drom.ru/volkswagen/jetta/27959013.html,565000
3,5,1,2010,4,2017,4,150,13049,1,2,2,2,2,1,213148800,33481,1.4,0,8,10,6,15,7,3,1,0,2,2,0,0,0,0,0,0,0,0,0,0,0,0,,27547266,https://tyumen.drom.ru/volkswagen/jetta/27547266.html,470000
3,5,1,2010,4,2017,4,105,30758,1,2,2,2,2,1,213148800,33481,1.4,0,8,10,6,15,7,3,1,0,2,2,0,0,0,0,0,0,0,0,0,0,0,0,,27464889,https://novosibirsk.drom.ru/volkswagen/polo/27464889.html,433000
3,5,1,2010,4,2017,4,152,7581,1,2,2,2,2,1,213148800,33481,1.4,0,8,10,6,15,7,3,1,0,2,2,0,0,0,0,0,0,0,0,0,0,0,0,,27231334,https://rostov-na-donu.drom.ru/volkswagen/passat/27231334.html,539000
3,5,1,2010,4,2017,4,102,32311,1,2,2,2,2,1,213148800,33481,1.4,0,8,10,6,15,7,3,1,0,2,2,0,0,0,0,0,0,0,0,0,0,0,0,,27053633,https://belokuriha.drom.ru/volkswagen/jetta/27053633.html,545000
3,5,1,2010,4,2017,4,102,26719,1,2,2,2,2,1,213148800,33481,1.4,0,8,10,6,15,7,3,1,0,2,2,0,0,0,0,0,0,0,0,0,0,0,0,,26994000,https://novosibirsk.drom.ru/volkswagen/jetta/26994000.html,499000
3,5,1,2010,4,2017,4,102,30758,1,2,2,2,2,1,213148800,33481,1.4,0,8,10,6,15,7,3,1,0,2,2,0,0,0,0,0,0,0,0,0,0,0,0,,27025445,https://omsk.drom.ru/volkswagen/jetta/27025445.html,450000
3,5,1,2010,4,2017,4,152,29826,1,2,2,2,2,1,213148800,33481,1.4,0,8,10,6,15,7,3,1,0,2,2,0,0,0,0,0,0,0,0,0,0,0,0,,24833821,https://chita.drom.ru/volkswagen/passat/24833821.html,650000
3,5,1,2010,4,2017,4,102,27962,1,2,2,2,2,1,213148800,33481,1.4,0,8,10,6,15,7,3,1,0,2,2,0,0,0,0,0,0,0,0,0,0,0,0,,26866879,https://ekaterinburg.drom.ru/volkswagen/jetta/26866879.html,395000
3,5,1,2010,4,2017,4,102,27962,1,2,2,2,2,1,213148800,33481,1.4,0,8,10,6,15,7,3,1,0,2,2,0,0,0,0,0,0,0,0,0,0,0,0,,26523823,https://novosibirsk.drom.ru/volkswagen/jetta/26523823.html,490000
3,5,1,2010,4,2017,4,102,31690,1,2,2,2,2,1,213148800,33481,1.4,0,8,10,6,15,7,3,1,0,2,2,0,0,0,0,0,0,0,0,0,0,0,0,,26277488,https://irkutsk.drom.ru/volkswagen/jetta/26277488.html,540000
3,5,1,2010,4,2017,4,105,18020,1,2,2,2,2,1,213148800,33481,1.4,0,8,10,6,15,7,3,1,0,2,2,0,0,0,0,0,0,0,0,0,0,0,0,,26561697,https://tyumen.drom.ru/volkswagen/polo/26561697.html,420000
3,5,1,2010,4,2017,4,102,32311,1,2,2,2,2,1,213148800,33481,1.4,0,8,10,6,15,7,3,1,0,2,2,0,0,0,0,0,0,0,0,0,0,0,0,,26181499,https://omsk.drom.ru/volkswagen/jetta/26181499.html,500000
3,5,1,2010,4,2017,4,15,31069,1,2,2,2,2,1,213148800,33481,1.4,0,8,10,6,15,7,3,1,0,2,2,0,0,0,0,0,0,0,0,0,0,0,0,,25319191,https://miass.drom.ru/volkswagen/passat_cc/25319191.html,680000
3,5,1,2010,4,2017,4,150,24855,1,2,2,2,2,1,213148800,33481,1.4,0,8,10,6,15,7,3,1,0,2,2,0,0,0,0,0,0,0,0,0,0,0,0,,24578797,https://nizhnevartovsk.drom.ru/volkswagen/polo/24578797.html,475000
3,5,1,2010,4,2017,4,122,3728,1,2,2,2,2,1,213148800,33481,1.4,0,8,10,6,15,7,3,1,0,2,2,0,0,0,0,0,0,0,0,0,0,0,0,,24917815,https://tomsk.drom.ru/volkswagen/passat/24917815.html,680000
3,5,1,2010,4,2017,4,150,32311,1,2,2,2,2,1,213148800,33481,1.4,0,8,10,6,15,7,3,1,0,2,2,0,0,0,0,0,0,0,0,0,0,0,0,,25349095,https://surgut.drom.ru/volkswagen/passat/25349095.html,535000
3,5,1,2010,4,2017,4,152,31690,1,2,2,2,2,1,213148800,33481,1.4,0,8,10,6,15,7,3,1,0,2,2,0,0,0,0,0,0,0,0,0,0,0,0,,25296224,https://kemerovo.drom.ru/volkswagen/passat/25296224.html,649000
3,5,1,2010,4,2017,4,102,30137,1,2,2,2,2,1,213148800,33481,1.4,0,8,10,6,15,7,3,1,0,2,2,0,0,0,0,0,0,0,0,0,0,0,0,,21810967,https://novosibirsk.drom.ru/volkswagen/jetta/21810967.html,540000
3,5,1,2010,4,2017,4,150,20845,1,2,2,2,2,1,213148800,33481,1.4,0,8,10,6,15,7,3,1,0,2,2,0,0,0,0,0,0,0,0,0,0,0,0,,25117954,https://surgut.drom.ru/volkswagen/passat/25117954.html,440000
3,5,1,2010,4,2017,4,152,30447,1,2,2,2,2,1,213148800,33481,1.4,0,8,10,6,15,7,3,1,0,2,2,0,0,0,0,0,0,0,0,0,0,0,0,,25242406,https://chelyabinsk.drom.ru/volkswagen/passat_cc/25242406.html,700000
3,5,1,2010,4,2017,4,99,31069,1,2,2,2,2,1,213148800,33481,1.4,0,8,10,6,15,7,3,1,0,2,2,0,0,0,0,0,0,0,0,0,0,0,0,,25224296,https://simferopol.drom.ru/volkswagen/passat/25224296.html,675000
3,5,1,2010,4,2017,4,105,27962,1,2,2,2,2,1,213148800,33481,1.4,0,8,10,6,15,7,3,1,0,2,2,0,0,0,0,0,0,0,0,0,0,0,0,,25220876,https://krasnodar.drom.ru/volkswagen/polo/25220876.html,439000
3,5,1,2010,4,2017,4,152,31069,1,2,2,2,2,1,213148800,33481,1.4,0,8,10,6,15,7,3,1,0,2,2,0,0,0,0,0,0,0,0,0,0,0,0,,24158227,https://tyumen.drom.ru/volkswagen/passat_cc/24158227.html,800000
3,5,1,2010,4,2017,4,90,13670,1,2,2,2,2,1,213148800,33481,1.4,0,8,10,6,15,7,3,1,0,2,2,0,0,0,0,0,0,0,0,0,0,0,0,,24910885,https://simferopol.drom.ru/volkswagen/passat/24910885.html,650000
3,5,1,2010,4,2017,4,150,24855,1,2,2,2,2,1,213148800,33481,1.4,0,8,10,6,15,7,3,1,0,2,2,0,0,0,0,0,0,0,0,0,0,0,0,,24999755,https://novorossiysk.drom.ru/volkswagen/passat/24999755.html,639000
3,5,1,2010,4,2016,4,150,19884,1,2,2,2,2,1,213148800,33481,1.4,0,8,10,6,15,7,3,1,0,2,2,0,0,0,0,0,0,0,0,0,0,0,0,,24562659,https://irkutsk.drom.ru/volkswagen/jetta/24562659.html,555000
3,5,1,2010,4,2016,4,102,29204,1,2,2,2,2,1,213148800,33481,1.4,0,8,10,6,15,7,3,1,0,2,2,0,0,0,0,0,0,0,0,0,0,0,0,,24495236,https://irkutsk.drom.ru/volkswagen/jetta/24495236.html,570000
3,5,1,2010,4,2016,4,102,21748,1,2,2,2,2,1,213148800,33481,1.4,0,8,10,6,15,7,3,1,0,2,2,0,0,0,0,0,0,0,0,0,0,0,0,,24488010,https://saratov.drom.ru/volkswagen/jetta/24488010.html,520000
3,5,1,2010,4,2016,4,150,29826,1,2,2,2,2,1,213148800,33481,1.4,0,8,10,6,15,7,3,1,0,2,2,0,0,0,0,0,0,0,0,0,0,0,0,,23698164,https://simferopol.drom.ru/volkswagen/passat/23698164.html,650000
3,5,1,2010,4,2016,4,152,4971,1,2,2,2,2,1,213148800,33481,1.4,0,8,10,6,15,7,3,1,0,2,2,0,0,0,0,0,0,0,0,0,0,0,0,,23808971,https://salehard.drom.ru/volkswagen/passat_cc/23808971.html,800000
3,5,1,2010,4,2016,4,105,28583,1,2,2,2,2,1,213148800,33481,1.4,0,8,10,6,15,7,3,1,0,2,2,0,0,0,0,0,0,0,0,0,0,0,0,,23651874,https://tyumen.drom.ru/volkswagen/jetta/23651874.html,500000
3,5,1,2010,4,2016,4,105,18020,1,2,2,2,2,1,213148800,33481,1.4,0,8,10,6,15,7,3,1,0,2,2,0,0,0,0,0,0,0,0,0,0,0,0,,23362404,https://tyumen.drom.ru/volkswagen/polo/23362404.html,435000
3,5,1,2010,4,2016,4,105,29639,1,2,2,2,2,1,213148800,33481,1.4,0,8,10,6,15,7,3,1,0,2,2,0,0,0,0,0,0,0,0,0,0,0,0,,23342030,https://surgut.drom.ru/volkswagen/jetta/23342030.html,460000
3,5,1,2010,4,2016,4,105,15842,1,2,2,2,2,1,213148800,33481,1.4,0,8,10,6,15,7,3,1,0,2,2,0,0,0,0,0,0,0,0,0,0,0,0,,22615912,https://surgut.drom.ru/volkswagen/jetta/22615912.html,550000
3,5,1,2010,4,2016,4,105,21127,1,2,2,2,2,1,213148800,33481,1.4,0,8,10,6,15,7,3,1,0,2,2,0,0,0,0,0,0,0,0,0,0,0,0,,23269398,https://moscow.drom.ru/volkswagen/jetta/23269398.html,540000
3,5,1,2010,4,2016,4,152,29826,1,2,2,2,2,1,213148800,33481,1.4,0,8,10,6,15,7,3,1,0,2,2,0,0,0,0,0,0,0,0,0,0,0,0,,23254269,https://simferopol.drom.ru/volkswagen/passat/23254269.html,670000
3,5,1,2010,4,2016,4,105,25166,1,2,2,2,2,1,213148800,33481,1.4,0,8,10,6,15,7,3,1,0,2,2,0,0,0,0,0,0,0,0,0,0,0,0,,23205695,https://krasnodar.drom.ru/volkswagen/polo/23205695.html,460000
3,5,1,2010,4,2016,4,102,19884,1,2,2,2,2,1,213148800,33481,1.4,0,8,10,6,15,7,3,1,0,2,2,0,0,0,0,0,0,0,0,0,0,0,0,,20633127,https://omsk.drom.ru/volkswagen/jetta/20633127.html,460000
3,5,1,2010,4,2016,4,152,29826,1,2,2,2,2,1,213148800,33481,1.4,0,8,10,6,15,7,3,1,0,2,2,0,0,0,0,0,0,0,0,0,0,0,0,,22904449,https://simferopol.drom.ru/volkswagen/passat/22904449.html,690000
3,5,1,2010,4,2016,4,102,7456,1,2,2,2,2,1,213148800,33481,1.4,0,8,10,6,15,7,3,1,0,2,2,0,0,0,0,0,0,0,0,0,0,0,0,,22852457,https://saratov.drom.ru/volkswagen/jetta/22852457.html,680000
3,5,1,2010,4,2016,4,152,31690,1,2,2,2,2,1,213148800,33481,1.4,0,8,10,6,15,7,3,1,0,2,2,0,0,0,0,0,0,0,0,0,0,0,0,,21396230,https://tyumen.drom.ru/volkswagen/passat/21396230.html,650000
3,5,1,2010,4,2016,4,152,26719,1,2,2,2,2,1,213148800,33481,1.4,0,8,10,6,15,7,3,1,0,2,2,0,0,0,0,0,0,0,0,0,0,0,0,,22297150,https://krymsk.drom.ru/volkswagen/passat_cc/22297150.html,900000
3,5,1,2010,4,2016,4,152,18641,1,2,2,2,2,1,213148800,33481,1.4,0,8,10,6,15,7,3,1,0,2,2,0,0,0,0,0,0,0,0,0,0,0,0,,22272456,https://krasnoyarsk.drom.ru/volkswagen/passat/22272456.html,700000
3,5,1,2010,4,2016,4,105,16466,1,2,2,2,2,1,213148800,33481,1.4,0,8,10,6,15,7,3,1,0,2,2,0,0,0,0,0,0,0,0,0,0,0,0,,22170510,https://samara.drom.ru/volkswagen/jetta/22170510.html,530000
3,5,1,2010,4,2016,4,102,6904,1,2,2,2,2,1,213148800,33481,1.4,0,8,10,6,15,7,3,1,0,2,2,0,0,0,0,0,0,0,0,0,0,0,0,,20795991,https://kemerovo.drom.ru/volkswagen/jetta/20795991.html,750000
3,5,1,2010,4,2016,4,152,29204,1,2,2,2,2,1,213148800,33481,1.4,0,8,10,6,15,7,3,1,0,2,2,0,0,0,0,0,0,0,0,0,0,0,0,,22051586,https://simferopol.drom.ru/volkswagen/passat/22051586.html,695000
3,5,1,2010,4,2016,4,105,31690,1,2,2,2,2,1,213148800,33481,1.4,0,8,10,6,15,7,3,1,0,2,2,0,0,0,0,0,0,0,0,0,0,0,0,,21345325,https://kemerovo.drom.ru/volkswagen/polo/21345325.html,425000
3,5,1,2010,4,2016,4,160,27962,1,2,2,2,2,1,213148800,33481,1.4,0,8,10,6,15,7,3,1,0,2,2,0,0,0,0,0,0,0,0,0,0,0,0,,21862830,https://moscow.drom.ru/volkswagen/passat/21862830.html,445000
3,5,1,2010,4,2016,4,150,21748,1,2,2,2,2,1,213148800,33481,1.4,0,8,10,6,15,7,3,1,0,2,2,0,0,0,0,0,0,0,0,0,0,0,0,,21356781,https://irkutsk.drom.ru/volkswagen/passat_cc/21356781.html,838000
3,5,1,2010,4,2016,4,150,29826,1,2,2,2,2,1,213148800,33481,1.4,0,8,10,6,15,7,3,1,0,2,2,0,0,0,0,0,0,0,0,0,0,0,0,,21691301,https://simferopol.drom.ru/volkswagen/jetta/21691301.html,525000
3,5,1,2010,4,2016,4,152,16156,1,2,2,2,2,1,213148800,33481,1.4,0,8,10,6,15,7,3,1,0,2,2,0,0,0,0,0,0,0,0,0,0,0,0,,21570300,https://nizhnevartovsk.drom.ru/volkswagen/passat/21570300.html,700000
3,5,1,2010,4,2016,4,150,13670,1,2,2,2,2,1,213148800,33481,1.4,0,8,10,6,15,7,3,1,0,2,2,0,0,0,0,0,0,0,0,0,0,0,0,,21211947,https://nizhnevartovsk.drom.ru/volkswagen/passat/21211947.html,700000
3,5,1,2010,4,2016,4,160,29204,1,2,2,2,2,1,213148800,33481,1.4,0,8,10,6,15,7,3,1,0,2,2,0,0,0,0,0,0,0,0,0,0,0,0,,21162962,https://simferopol.drom.ru/volkswagen/passat/21162962.html,950000
3,5,1,2010,4,2016,4,105,21748,1,2,2,2,2,1,213148800,33481,1.4,0,8,10,6,15,7,3,1,0,2,2,0,0,0,0,0,0,0,0,0,0,0,0,,19733584,https://stavropol.drom.ru/volkswagen/jetta/19733584.html,480000
3,5,1,2010,4,2016,4,105,24233,1,2,2,2,2,1,213148800,33481,1.4,0,8,10,6,15,7,3,1,0,2,2,0,0,0,0,0,0,0,0,0,0,0,0,,21033019,https://tyumen.drom.ru/volkswagen/jetta/21033019.html,485000
3,5,1,2010,4,2016,4,102,23612,1,2,2,2,2,1,213148800,33481,1.4,0,8,10,6,15,7,3,1,0,2,2,0,0,0,0,0,0,0,0,0,0,0,0,,21018556,https://tyumen.drom.ru/volkswagen/jetta/21018556.html,600000
3,5,0,2010,4,2016,4,150,27340,1,2,2,2,2,1,213148800,33481,1.4,0,8,10,6,15,7,3,1,0,2,2,0,0,0,0,0,0,0,0,0,0,0,0,,20608016,https://tyumen.drom.ru/volkswagen/passat/20608016.html,600000
3,5,1,2010,4,2016,4,152,31069,1,1,2,2,2,1,213148800,33481,1.4,0,8,10,6,15,7,3,1,0,2,2,0,0,0,0,0,0,0,0,0,0,0,0,,20674790,https://tarko-sale.drom.ru/volkswagen/passat/20674790.html,770000
3,5,1,2010,4,2015,4,105,13670,1,2,2,2,2,1,213148800,33481,1.4,0,8,10,6,15,7,3,1,0,2,2,0,0,0,0,0,0,0,0,0,0,0,0,,20652918,https://irkutsk.drom.ru/volkswagen/jetta/20652918.html,650000
3,5,1,2010,4,2015,4,105,30137,1,2,2,2,2,1,213148800,33481,1.4,0,8,10,6,15,7,3,1,0,2,2,0,0,0,0,0,0,0,0,0,0,0,0,,20645391,https://krasnodar.drom.ru/volkswagen/jetta/20645391.html,525000
3,5,1,2010,4,2015,4,150,26098,1,2,2,2,2,1,213148800,33481,1.4,0,8,10,6,15,7,3,1,0,2,2,0,0,0,0,0,0,0,0,0,0,0,0,,18168339,https://novosibirsk.drom.ru/volkswagen/polo/18168339.html,455000
3,5,1,2010,4,2015,4,152,22991,1,2,2,2,2,1,213148800,33481,1.4,0,8,10,6,15,7,3,1,0,2,2,0,0,0,0,0,0,0,0,0,0,0,0,,19220829,https://omsk.drom.ru/volkswagen/passat_cc/19220829.html,840000
3,5,1,2010,4,2015,4,105,23612,1,2,2,2,2,1,213148800,33481,1.4,0,8,10,6,15,7,3,1,0,2,2,0,0,0,0,0,0,0,0,0,0,0,0,,20304440,https://tyumen.drom.ru/volkswagen/jetta/20304440.html,560000
3,5,1,2010,4,2015,4,105,24855,1,2,2,2,2,1,213148800,33481,1.4,0,8,10,6,15,7,3,1,0,2,2,0,0,0,0,0,0,0,0,0,0,0,0,,20135597,https://krasnodar.drom.ru/volkswagen/polo/20135597.html,440000
3,5,1,2010,4,2015,4,105,22991,1,2,2,2,2,1,213148800,33481,1.4,0,8,10,6,15,7,3,1,0,2,2,0,0,0,0,0,0,0,0,0,0,0,0,,20133560,https://omsk.drom.ru/volkswagen/polo/20133560.html,390000
3,5,1,2010,4,2015,4,122,26098,1,2,2,2,2,1,213148800,33481,1.4,0,8,10,6,15,7,3,1,0,2,2,0,0,0,0,0,0,0,0,0,0,0,0,,19720987,https://ekaterinburg.drom.ru/volkswagen/jetta/19720987.html,499000
3,5,1,2010,4,2015,4,105,28574,1,2,2,2,2,1,213148800,33481,1.4,0,8,10,6,15,7,3,1,0,2,2,0,0,0,0,0,0,0,0,0,0,0,0,,19897917,https://nizhniy-novgorod.drom.ru/volkswagen/polo/19897917.html,449900
3,5,1,2010,4,2015,4,122,26098,1,2,2,2,2,1,213148800,33481,1.4,0,8,10,6,15,7,3,1,0,2,2,0,0,0,0,0,0,0,0,0,0,0,0,,19639962,https://ekaterinburg.drom.ru/volkswagen/jetta/19639962.html,499000
3,5,1,2010,4,2015,4,102,31069,1,2,2,2,2,1,213148800,33481,1.4,0,8,10,6,15,7,3,1,0,2,2,0,0,0,0,0,0,0,0,0,0,0,0,,19539879,https://sochi.drom.ru/volkswagen/jetta/19539879.html,520000
3,5,1,2010,4,2015,4,105,14913,1,2,2,2,2,1,213148800,33481,1.4,0,8,10,6,15,7,3,1,0,2,2,0,0,0,0,0,0,0,0,0,0,0,0,,19735232,https://samara.drom.ru/volkswagen/jetta/19735232.html,610000
3,5,1,2010,4,2015,4,152,29826,1,2,2,2,2,1,213148800,33481,1.4,0,8,10,6,15,7,3,1,0,2,2,0,0,0,0,0,0,0,0,0,0,0,0,,18909900,https://barnaul.drom.ru/volkswagen/passat/18909900.html,750000
3,5,1,2010,4,2015,4,102,21748,1,2,2,2,2,1,213148800,33481,1.4,0,8,10,6,15,7,3,1,0,2,2,0,0,0,0,0,0,0,0,0,0,0,0,,19511752,https://rostov-na-donu.drom.ru/volkswagen/jetta/19511752.html,535000
3,5,1,2010,4,2015,4,102,31690,1,2,2,2,2,1,213148800,33481,1.4,0,8,10,6,15,7,3,1,0,2,2,0,0,0,0,0,0,0,0,0,0,0,0,,19492176,https://chelyabinsk.drom.ru/volkswagen/jetta/19492176.html,520000
3,5,1,2010,4,2015,4,152,30074,1,2,2,2,2,1,213148800,33481,1.4,0,8,10,6,15,7,3,1,0,2,2,0,0,0,0,0,0,0,0,0,0,0,0,,14205567,https://surgut.drom.ru/volkswagen/passat/14205567.html,555555
3,5,1,2010,4,2015,4,152,32311,1,2,2,2,2,1,213148800,33481,1.4,0,8,10,6,15,7,3,1,0,2,2,0,0,0,0,0,0,0,0,0,0,0,0,,19046679,https://kemerovo.drom.ru/volkswagen/passat/19046679.html,629999
3,5,1,2010,4,2015,4,105,27962,1,2,2,2,2,1,213148800,33481,1.4,0,8,10,6,15,7,3,1,0,2,2,0,0,0,0,0,0,0,0,0,0,0,0,,17596631,https://pyatigorsk.drom.ru/volkswagen/jetta/17596631.html,565000
3,5,1,2010,4,2015,4,152,27962,1,2,2,2,2,1,213148800,33481,1.4,0,8,10,6,15,7,3,1,0,2,2,0,0,0,0,0,0,0,0,0,0,0,0,,18974864,https://simferopol.drom.ru/volkswagen/passat/18974864.html,720000
3,5,1,2010,4,2015,4,152,32311,1,2,2,2,2,1,213148800,33481,1.4,0,8,10,6,15,7,3,1,0,2,2,0,0,0,0,0,0,0,0,0,0,0,0,,18240148,https://omsk.drom.ru/volkswagen/passat/18240148.html,670000
3,5,1,2010,4,2015,4,102,25476,1,2,2,2,2,1,213148800,33481,1.4,0,8,10,6,15,7,3,1,0,2,2,0,0,0,0,0,0,0,0,0,0,0,0,,17581657,https://barnaul.drom.ru/volkswagen/jetta/17581657.html,550000
3,5,1,2010,4,2015,4,150,32311,1,2,2,2,2,1,213148800,33481,1.4,0,8,10,6,15,7,3,1,0,2,2,0,0,0,0,0,0,0,0,0,0,0,0,,16079811,https://tyumen.drom.ru/volkswagen/jetta/16079811.html,620000
3,5,1,2010,4,2015,4,150,32311,1,2,2,2,2,1,213148800,33481,1.4,0,8,10,6,15,7,3,1,0,2,2,0,0,0,0,0,0,0,0,0,0,0,0,,17611496,https://tyumen.drom.ru/volkswagen/jetta/17611496.html,590000
3,5,1,2010,4,2015,4,150,17398,1,2,2,2,2,1,213148800,33481,1.4,0,8,10,6,15,7,3,1,0,2,2,0,0,0,0,0,0,0,0,0,0,0,0,,18888415,https://simferopol.drom.ru/volkswagen/jetta/18888415.html,595000
3,5,1,2010,4,2015,4,150,27340,1,2,2,2,2,1,213148800,33481,1.4,0,8,10,6,15,7,3,1,0,2,2,0,0,0,0,0,0,0,0,0,0,0,0,,18364946,https://irkutsk.drom.ru/volkswagen/passat/18364946.html,685000
3,5,1,2010,4,2015,4,160,24736,1,2,2,2,2,1,213148800,33481,1.4,0,8,10,6,15,7,3,1,0,2,2,0,0,0,0,0,0,0,0,0,0,0,0,,18768018,https://simferopol.drom.ru/volkswagen/passat_cc/18768018.html,955000
3,5,1,2010,4,2015,4,105,24109,1,2,2,2,2,1,213148800,33481,1.4,0,8,10,6,15,7,3,1,0,2,2,0,0,0,0,0,0,0,0,0,0,0,0,,18739439,https://krasnodar.drom.ru/volkswagen/jetta/18739439.html,519000
3,5,1,2010,4,2015,4,105,23612,1,2,2,2,2,1,213148800,33481,1.4,0,8,10,6,15,7,3,1,0,2,2,0,0,0,0,0,0,0,0,0,0,0,0,,18697927,https://krasnodar.drom.ru/volkswagen/jetta/18697927.html,519000
3,5,1,2010,4,2015,4,152,23053,1,2,2,2,2,1,213148800,33481,1.4,0,8,10,6,15,7,3,1,0,2,2,0,0,0,0,0,0,0,0,0,0,0,0,,18660570,https://krasnodar.drom.ru/volkswagen/passat/18660570.html,670000
3,5,1,2010,4,2015,4,150,19884,1,2,2,2,2,1,213148800,33481,1.4,0,8,10,6,15,7,3,1,0,2,2,0,0,0,0,0,0,0,0,0,0,0,0,,17394915,https://omsk.drom.ru/volkswagen/passat_cc/17394915.html,880000
3,5,1,2010,4,2015,4,150,32311,1,2,2,2,2,1,213148800,33481,1.4,0,8,10,6,15,7,3,1,0,2,2,0,0,0,0,0,0,0,0,0,0,0,0,,18004687,https://tyumen.drom.ru/volkswagen/jetta/18004687.html,620000
3,5,1,2010,4,2015,4,150,10563,1,2,2,2,2,1,213148800,33481,1.4,0,8,10,6,15,7,3,1,0,2,2,0,0,0,0,0,0,0,0,0,0,0,0,,18376567,https://kirov.drom.ru/volkswagen/passat/18376567.html,470000
3,5,1,2010,4,2015,4,150,27962,1,2,2,2,2,1,213148800,33481,1.4,0,8,10,6,15,7,3,1,0,2,2,0,0,0,0,0,0,0,0,0,0,0,0,,17204357,https://irkutsk.drom.ru/volkswagen/jetta/17204357.html,599000
3,5,1,2010,4,2015,4,150,31069,1,2,2,2,2,1,213148800,33481,1.4,0,8,10,6,15,7,3,1,0,2,2,0,0,0,0,0,0,0,0,0,0,0,0,,18299626,https://orenburg.drom.ru/volkswagen/passat_cc/18299626.html,850000
3,5,1,2010,4,2015,4,150,28583,1,2,2,2,2,1,213148800,33481,1.4,0,8,10,6,15,7,3,1,0,2,2,0,0,0,0,0,0,0,0,0,0,0,0,,18111233,https://novorossiysk.drom.ru/volkswagen/passat_cc/18111233.html,850000
3,5,1,2010,4,2015,4,150,18641,1,2,2,2,2,1,213148800,33481,1.4,0,8,10,6,15,7,3,1,0,2,2,0,0,0,0,0,0,0,0,0,0,0,0,,16678235,https://tyumen.drom.ru/volkswagen/passat/16678235.html,500000
3,5,1,2010,4,2015,4,152,31069,1,2,2,2,2,1,213148800,33481,1.4,0,8,10,6,15,7,3,1,0,2,2,0,0,0,0,0,0,0,0,0,0,0,0,,18405201,https://chelyabinsk.drom.ru/volkswagen/passat/18405201.html,629000
3,5,1,2010,4,2015,4,150,29826,1,2,2,2,2,1,213148800,33481,1.4,0,8,10,6,15,7,3,1,0,2,2,0,0,0,0,0,0,0,0,0,0,0,0,,17277540,https://tyumen.drom.ru/volkswagen/passat/17277540.html,710000
3,5,1,2010,4,2015,4,150,31614,1,2,2,2,2,1,213148800,33481,1.4,0,8,10,6,15,7,3,1,0,2,2,0,0,0,0,0,0,0,0,0,0,0,0,,18221638,https://kemerovo.drom.ru/volkswagen/jetta/18221638.html,565000
3,5,1,2010,4,2015,4,150,18020,1,2,2,2,2,1,213148800,33481,1.4,0,8,10,6,15,7,3,1,0,2,2,0,0,0,0,0,0,0,0,0,0,0,0,,18257155,https://kazan.drom.ru/volkswagen/polo/18257155.html,430000
3,5,1,2010,4,2015,4,150,30447,1,2,2,2,2,1,213148800,33481,1.4,0,8,10,6,15,7,3,1,0,2,2,0,0,0,0,0,0,0,0,0,0,0,0,,18067867,https://omsk.drom.ru/volkswagen/jetta/18067867.html,650000
3,5,1,2010,4,2015,4,150,21748,1,2,2,2,2,1,213148800,33481,1.4,0,8,10,6,15,7,3,1,0,2,2,0,0,0,0,0,0,0,0,0,0,0,0,,17894137,https://novorossiysk.drom.ru/volkswagen/jetta/17894137.html,495000
3,5,1,2010,4,2015,4,150,19263,1,2,2,2,2,1,213148800,33481,1.4,0,8,10,6,15,7,3,1,0,2,2,0,0,0,0,0,0,0,0,0,0,0,0,,17849119,https://arhangelsk.drom.ru/volkswagen/jetta/17849119.html,560000
3,5,1,2010,4,2015,4,150,31690,1,2,2,2,2,1,213148800,33481,1.4,0,8,10,6,15,7,3,1,0,2,2,0,0,0,0,0,0,0,0,0,0,0,0,,16951106,https://tyumen.drom.ru/volkswagen/passat_cc/16951106.html,825000
3,5,1,2010,4,2015,4,150,24233,1,2,2,2,2,1,213148800,33481,1.4,0,8,10,6,15,7,3,1,0,2,2,0,0,0,0,0,0,0,0,0,0,0,0,,17677400,https://krasnodar.drom.ru/volkswagen/passat/17677400.html,675000
3,5,1,2010,4,2015,4,150,21748,1,2,2,2,2,1,213148800,33481,1.4,0,8,10,6,15,7,3,1,0,2,2,0,0,0,0,0,0,0,0,0,0,0,0,,17581949,https://novorossiysk.drom.ru/volkswagen/jetta/17581949.html,495000
3,5,1,2010,4,2015,4,150,32311,1,2,2,2,2,1,213148800,33481,1.4,0,8,10,6,15,7,3,1,0,2,2,0,0,0,0,0,0,0,0,0,0,0,0,,16067230,https://tyumen.drom.ru/volkswagen/jetta/16067230.html,620000
3,5,1,2010,4,2015,4,150,25476,1,2,2,2,2,1,213148800,33481,1.4,0,8,10,6,15,7,3,1,0,2,2,0,0,0,0,0,0,0,0,0,0,0,0,,15698639,https://irkutsk.drom.ru/volkswagen/polo/15698639.html,520000
3,5,1,2010,4,2014,4,150,31690,1,2,2,2,2,1,213148800,33481,1.4,0,8,10,6,15,7,3,1,0,2,2,0,0,0,0,0,0,0,0,0,0,0,0,,16939779,https://kogalym.drom.ru/volkswagen/passat_cc/16939779.html,850000
3,5,1,2010,4,2014,4,150,24376,1,2,2,2,2,1,213148800,33481,1.4,0,8,10,6,15,7,3,1,0,2,2,0,0,0,0,0,0,0,0,0,0,0,0,,16922312,https://krasnodar.drom.ru/volkswagen/passat_cc/16922312.html,849000
3,5,1,2010,4,2014,4,150,24855,1,2,2,2,2,1,213148800,33481,1.4,0,8,10,6,15,7,3,1,0,2,2,0,0,0,0,0,0,0,0,0,0,0,0,,15082626,https://tyumen.drom.ru/volkswagen/passat/15082626.html,750000
3,5,1,2010,4,2014,4,150,22991,1,2,2,2,2,1,213148800,33481,1.4,0,8,10,6,15,7,3,1,0,2,2,0,0,0,0,0,0,0,0,0,0,0,0,,16866704,https://surgut.drom.ru/volkswagen/passat_cc/16866704.html,749000
3,5,1,2010,4,2014,4,150,16777,1,2,2,2,2,1,213148800,33481,1.4,0,8,10,6,15,7,3,1,0,2,2,0,0,0,0,0,0,0,0,0,0,0,0,,16864426,https://barnaul.drom.ru/volkswagen/jetta/16864426.html,540000
3,5,1,2010,4,2014,4,150,26098,1,2,2,2,2,1,213148800,33481,1.4,0,8,10,6,15,7,3,1,0,2,2,0,0,0,0,0,0,0,0,0,0,0,0,,16829406,https://barnaul.drom.ru/volkswagen/passat/16829406.html,760000
3,5,1,2010,4,2014,4,150,31069,1,2,2,2,2,1,213148800,33481,1.4,0,8,10,6,15,7,3,1,0,2,2,0,0,0,0,0,0,0,0,0,0,0,0,,16805684,https://nizhniy-novgorod.drom.ru/volkswagen/polo/16805684.html,415000
3,5,1,2010,4,2014,4,150,12427,1,2,2,2,2,1,213148800,33481,1.4,0,8,10,6,15,7,3,1,0,2,2,0,0,0,0,0,0,0,0,0,0,0,0,,16664970,https://surgut.drom.ru/volkswagen/jetta/16664970.html,510000
3,5,1,2010,4,2014,4,150,14913,1,2,2,2,2,1,213148800,33481,1.4,0,8,10,6,15,7,3,1,0,2,2,0,0,0,0,0,0,0,0,0,0,0,0,,15855006,https://omsk.drom.ru/volkswagen/passat/15855006.html,655000
3,5,1,2010,4,2014,4,150,31069,1,2,2,2,2,1,213148800,33481,1.4,0,8,10,6,15,7,3,1,0,2,2,0,0,0,0,0,0,0,0,0,0,0,0,,15183880,https://omsk.drom.ru/volkswagen/passat/15183880.html,689500
3,5,1,2010,4,2014,4,150,31069,1,2,2,2,2,1,213148800,33481,1.4,0,8,10,6,15,7,3,1,0,2,2,0,0,0,0,0,0,0,0,0,0,0,0,,16141483,https://krasnodar.drom.ru/volkswagen/jetta/16141483.html,515000
3,5,1,2010,4,2014,4,150,31690,1,2,2,2,2,1,213148800,33481,1.4,0,8,10,6,15,7,3,1,0,2,2,0,0,0,0,0,0,0,0,0,0,0,0,,16612955,https://sochi.drom.ru/volkswagen/jetta/16612955.html,600000
3,5,1,2010,4,2014,4,150,27962,1,2,2,2,2,1,213148800,33481,1.4,0,8,10,6,15,7,3,1,0,2,2,0,0,0,0,0,0,0,0,0,0,0,0,,15927778,https://kurgan.drom.ru/volkswagen/passat_cc/15927778.html,707000
3,5,1,2010,4,2014,4,150,31069,1,2,2,2,2,1,213148800,33481,1.4,0,8,10,6,15,7,3,1,0,2,2,0,0,0,0,0,0,0,0,0,0,0,0,,16553856,https://simferopol.drom.ru/volkswagen/jetta/16553856.html,727806
3,5,1,2010,4,2014,4,150,31069,1,2,2,2,2,1,213148800,33481,1.4,0,8,10,6,15,7,3,1,0,2,2,0,0,0,0,0,0,0,0,0,0,0,0,,16506119,https://simferopol.drom.ru/volkswagen/jetta/16506119.html,774761
3,5,1,2010,4,2014,4,150,31069,1,2,2,2,2,1,213148800,33481,1.4,0,8,10,6,15,7,3,1,0,2,2,0,0,0,0,0,0,0,0,0,0,0,0,,16472660,https://simferopol.drom.ru/volkswagen/jetta/16472660.html,804108
3,5,1,2010,4,2014,4,150,32311,1,2,2,2,2,1,213148800,33481,1.4,0,8,10,6,15,7,3,1,0,2,2,0,0,0,0,0,0,0,0,0,0,0,0,,16463251,https://izhevsk.drom.ru/volkswagen/passat/16463251.html,680000
3,5,1,2010,4,2014,4,150,23612,1,2,2,2,2,1,213148800,33481,1.4,0,8,10,6,15,7,3,1,0,2,2,0,0,0,0,0,0,0,0,0,0,0,0,,15737978,https://angarsk.drom.ru/volkswagen/passat/15737978.html,790000
3,5,1,2010,4,2014,4,150,24855,1,2,2,2,2,1,213148800,33481,1.4,0,8,10,6,15,7,3,1,0,2,2,0,0,0,0,0,0,0,0,0,0,0,0,,16427445,https://tyumen.drom.ru/volkswagen/jetta/16427445.html,450000
3,5,1,2010,4,2014,4,150,30447,1,2,2,2,2,1,213148800,33481,1.4,0,8,10,6,15,7,3,1,0,2,2,0,0,0,0,0,0,0,0,0,0,0,0,,16416428,https://lipetsk.drom.ru/volkswagen/jetta/16416428.html,600000
3,5,1,2010,4,2014,4,150,31069,1,2,2,2,2,1,213148800,33481,1.4,0,8,10,6,15,7,3,1,0,2,2,0,0,0,0,0,0,0,0,0,0,0,0,,16391723,https://simferopol.drom.ru/volkswagen/jetta/16391723.html,815847
3,5,1,2010,4,2014,4,150,12427,1,2,2,2,2,1,213148800,33481,1.4,0,8,10,6,15,7,3,1,0,2,2,0,0,0,0,0,0,0,0,0,0,0,0,,12308093,https://surgut.drom.ru/volkswagen/jetta/12308093.html,555000
3,5,1,2010,4,2014,4,150,19573,1,2,2,2,2,1,213148800,33481,1.4,0,8,10,6,15,7,3,1,0,2,2,0,0,0,0,0,0,0,0,0,0,0,0,,14770509,https://tyumen.drom.ru/volkswagen/passat_cc/14770509.html,870000
3,5,1,2010,4,2014,4,150,31069,1,2,2,2,2,1,213148800,33481,1.4,0,8,10,6,15,7,3,1,0,2,2,0,0,0,0,0,0,0,0,0,0,0,0,,15705761,https://krasnodar.drom.ru/volkswagen/passat/15705761.html,665000
3,5,1,2010,4,2014,4,150,30447,1,2,2,2,2,1,213148800,33481,1.4,0,8,10,6,15,7,3,1,0,2,2,0,0,0,0,0,0,0,0,0,0,0,0,,16327788,https://pavlovskaya.drom.ru/volkswagen/jetta/16327788.html,525000
3,5,1,2010,4,2014,4,150,23474,1,2,2,2,2,1,213148800,33481,1.4,0,8,10,6,15,7,3,1,0,2,2,0,0,0,0,0,0,0,0,0,0,0,0,,16278072,https://moscow.drom.ru/volkswagen/passat/16278072.html,589000
3,5,1,2010,4,2014,4,150,29204,1,2,2,2,2,1,213148800,33481,1.4,0,8,10,6,15,7,3,1,0,2,2,0,0,0,0,0,0,0,0,0,0,0,0,,16177832,https://tyumen.drom.ru/volkswagen/passat_cc/16177832.html,800000
3,5,1,2010,4,2014,4,150,31690,1,2,2,2,2,1,213148800,33481,1.4,0,8,10,6,15,7,3,1,0,2,2,0,0,0,0,0,0,0,0,0,0,0,0,,16254599,https://simferopol.drom.ru/volkswagen/jetta/16254599.html,868671
3,5,1,2010,4,2014,4,150,29204,1,2,2,2,2,1,213148800,33481,1.4,0,8,10,6,15,7,3,1,0,2,2,0,0,0,0,0,0,0,0,0,0,0,0,,16253586,https://tyumen.drom.ru/volkswagen/polo/16253586.html,410000
3,5,1,2010,4,2014,4,150,32311,1,2,2,2,2,1,213148800,33481,1.4,0,8,10,6,15,7,3,1,0,2,2,0,0,0,0,0,0,0,0,0,0,0,0,,16043920,https://naberezhnye-chelny.drom.ru/volkswagen/passat/16043920.html,750000
3,5,1,2010,4,2014,4,150,31690,1,2,2,2,2,1,213148800,33481,1.4,0,8,10,6,15,7,3,1,0,2,2,0,0,0,0,0,0,0,0,0,0,0,0,,16211290,https://simferopol.drom.ru/volkswagen/jetta/16211290.html,874541
3,5,1,2010,4,2014,4,150,11495,1,2,2,2,2,1,213148800,33481,1.4,0,8,10,6,15,7,3,1,0,2,2,0,0,0,0,0,0,0,0,0,0,0,0,,16211028,https://samara.drom.ru/volkswagen/jetta/16211028.html,600000
3,5,1,2010,4,2014,4,150,24855,1,2,2,2,2,1,213148800,33481,1.4,0,8,10,6,15,7,3,1,0,2,2,0,0,0,0,0,0,0,0,0,0,0,0,,14843943,https://tyumen.drom.ru/volkswagen/passat_cc/14843943.html,720000
3,5,1,2010,4,2014,4,150,21748,1,2,2,2,2,1,213148800,33481,1.4,0,8,10,6,15,7,3,1,0,2,2,0,0,0,0,0,0,0,0,0,0,0,0,,15709070,https://nizhnevartovsk.drom.ru/volkswagen/polo/15709070.html,400000
3,5,1,2010,4,2014,4,150,31193,1,2,2,2,2,1,213148800,33481,1.4,0,8,10,6,15,7,3,1,0,2,2,0,0,0,0,0,0,0,0,0,0,0,0,,16075942,https://tyumen.drom.ru/volkswagen/polo/16075942.html,425000
3,5,1,2010,4,2014,4,150,21748,1,2,2,2,2,1,213148800,33481,1.4,0,8,10,6,15,7,3,1,0,2,2,0,0,0,0,0,0,0,0,0,0,0,0,,16021962,https://krasnodar.drom.ru/volkswagen/passat/16021962.html,720000
3,5,1,2010,4,2014,4,150,20505,1,2,2,2,2,1,213148800,33481,1.4,0,8,10,6,15,7,3,1,0,2,2,0,0,0,0,0,0,0,0,0,0,0,0,,16019586,https://moscow.drom.ru/volkswagen/jetta/16019586.html,499000
3,5,1,2010,4,2014,4,150,1864,1,2,2,2,2,1,213148800,33481,1.4,0,8,10,6,15,7,3,1,0,2,2,0,0,0,0,0,0,0,0,0,0,0,0,,16007745,https://krasnodar.drom.ru/volkswagen/passat/16007745.html,499000
3,5,1,2010,4,2014,4,150,12427,1,2,2,2,2,1,213148800,33481,1.4,0,8,10,6,15,7,3,1,0,2,2,0,0,0,0,0,0,0,0,0,0,0,0,,15688363,https://izhevsk.drom.ru/volkswagen/passat/15688363.html,800000
3,5,1,2010,4,2014,4,150,31690,1,2,2,2,2,1,213148800,33481,1.4,0,8,10,6,15,7,3,1,0,2,2,0,0,0,0,0,0,0,0,0,0,0,0,,15296292,https://novosibirsk.drom.ru/volkswagen/polo/15296292.html,460000
3,5,1,2010,4,2014,4,102,28894,1,2,2,2,2,1,213148800,33481,1.4,0,8,10,6,15,7,3,1,0,2,2,0,0,0,0,0,0,0,0,0,0,0,0,,15495373,https://nizhniy-novgorod.drom.ru/volkswagen/jetta/15495373.html,520000
3,5,1,2010,4,2014,4,150,32311,1,2,2,2,2,1,213148800,33481,1.4,0,8,10,6,15,7,3,1,0,2,2,0,0,0,0,0,0,0,0,0,0,0,0,,15824058,https://taganrog.drom.ru/volkswagen/jetta/15824058.html,560000
3,5,1,2010,4,2014,4,150,31690,1,2,2,2,2,1,213148800,33481,1.4,0,8,10,6,15,7,3,1,0,2,2,0,0,0,0,0,0,0,0,0,0,0,0,,15143667,https://ekaterinburg.drom.ru/volkswagen/jetta/15143667.html,450000
3,5,1,2010,4,2014,4,150,25476,1,2,2,2,2,1,213148800,33481,1.4,0,8,10,6,15,7,3,1,0,2,2,0,0,0,0,0,0,0,0,0,0,0,0,,15657656,https://tyumen.drom.ru/volkswagen/passat/15657656.html,710000
3,5,1,2010,4,2014,4,150,30447,1,2,2,2,2,1,213148800,33481,1.4,0,8,10,6,15,7,3,1,0,2,2,0,0,0,0,0,0,0,0,0,0,0,0,,15519160,https://surgut.drom.ru/volkswagen/passat/15519160.html,650000
3,5,1,2010,4,2014,4,150,24233,1,2,2,2,2,1,213148800,33481,1.4,0,8,10,6,15,7,3,1,0,2,2,0,0,0,0,0,0,0,0,0,0,0,0,,15690408,https://samara.drom.ru/volkswagen/passat/15690408.html,600000
3,5,1,2010,4,2014,4,150,31069,1,2,2,2,2,1,213148800,33481,1.4,0,8,10,6,15,7,3,1,0,2,2,0,0,0,0,0,0,0,0,0,0,0,0,,15584521,https://surgut.drom.ru/volkswagen/passat/15584521.html,648000
3,5,1,2010,4,2014,4,150,31069,1,2,2,2,2,1,213148800,33481,1.4,0,8,10,6,15,7,3,1,0,2,2,0,0,0,0,0,0,0,0,0,0,0,0,,15292697,https://irkutsk.drom.ru/volkswagen/jetta/15292697.html,495000
3,5,1,2010,4,2014,4,150,25476,1,2,2,2,2,1,213148800,33481,1.4,0,8,10,6,15,7,3,1,0,2,2,0,0,0,0,0,0,0,0,0,0,0,0,,15047852,https://samara.drom.ru/volkswagen/passat/15047852.html,550000
3,5,1,2010,4,2014,4,150,15534,1,2,2,2,2,1,213148800,33481,1.4,0,8,10,6,15,7,3,1,0,2,2,0,0,0,0,0,0,0,0,0,0,0,0,,15098160,https://abrau-dyurso.drom.ru/volkswagen/polo/15098160.html,460000
3,5,1,2010,4,2014,4,150,21748,1,2,2,2,2,1,213148800,33481,1.4,0,8,10,6,15,7,3,1,0,2,2,0,0,0,0,0,0,0,0,0,0,0,0,,15479031,https://krasnodar.drom.ru/volkswagen/passat/15479031.html,700000
3,5,0,2010,4,2014,4,150,31069,1,2,2,2,2,1,213148800,33481,1.4,0,8,10,6,15,7,3,1,0,2,2,0,0,0,0,0,0,0,0,0,0,0,0,,15140388,https://nizhnevartovsk.drom.ru/volkswagen/passat_cc/15140388.html,760000
3,5,1,2010,4,2014,4,150,29204,1,2,2,2,2,1,213148800,33481,1.4,0,8,10,6,15,7,3,1,0,2,2,0,0,0,0,0,0,0,0,0,0,0,0,,15201788,https://tyumen.drom.ru/volkswagen/jetta/15201788.html,530000
3,5,1,2010,4,2014,4,150,24855,1,2,2,2,2,1,213148800,33481,1.4,0,8,10,6,15,7,3,1,0,2,2,0,0,0,0,0,0,0,0,0,0,0,0,,13851844,https://novosibirsk.drom.ru/volkswagen/passat_cc/13851844.html,900000
3,5,1,2010,4,2014,4,150,29204,1,2,2,2,2,1,213148800,33481,1.4,0,8,10,6,15,7,3,1,0,2,2,0,0,0,0,0,0,0,0,0,0,0,0,,15285519,https://tomsk.drom.ru/volkswagen/passat/15285519.html,640000
3,5,1,2010,4,2014,4,150,26719,1,2,2,2,2,1,213148800,33481,1.4,0,8,10,6,15,7,3,1,0,2,2,0,0,0,0,0,0,0,0,0,0,0,0,,14845995,https://krasnoyarsk.drom.ru/volkswagen/jetta/14845995.html,530000
3,5,1,2010,4,2014,4,150,26098,1,2,2,2,2,1,213148800,33481,1.4,0,8,10,6,15,7,3,1,0,2,2,0,0,0,0,0,0,0,0,0,0,0,0,,15301563,https://simferopol.drom.ru/volkswagen/passat_cc/15301563.html,1408656
3,5,1,2010,4,2014,4,150,18641,1,2,2,2,2,1,213148800,33481,1.4,0,8,10,6,15,7,3,1,0,2,2,0,0,0,0,0,0,0,0,0,0,0,0,,15094070,https://kemerovo.drom.ru/volkswagen/polo/15094070.html,435000
3,5,1,2010,4,2014,4,150,29329,1,2,2,2,2,1,213148800,33481,1.4,0,8,10,6,15,7,3,1,0,2,2,0,0,0,0,0,0,0,0,0,0,0,0,,14926847,https://tomsk.drom.ru/volkswagen/passat/14926847.html,640000
3,5,1,2010,4,2014,4,150,22991,1,2,2,2,2,1,213148800,33481,1.4,0,8,10,6,15,7,3,1,0,2,2,0,0,0,0,0,0,0,0,0,0,0,0,,14806833,https://krasnodar.drom.ru/volkswagen/jetta/14806833.html,530000
3,5,1,2010,4,2014,4,150,18952,1,2,2,2,2,1,213148800,33481,1.4,0,8,10,6,15,7,3,1,0,2,2,0,0,0,0,0,0,0,0,0,0,0,0,,15191689,https://kemerovo.drom.ru/volkswagen/polo/15191689.html,465000
3,5,1,2010,4,2014,4,150,31069,1,2,2,2,2,1,213148800,33481,1.4,0,8,10,6,15,7,3,1,0,2,2,0,0,0,0,0,0,0,0,0,0,0,0,,14011779,https://tyumen.drom.ru/volkswagen/passat/14011779.html,689999
3,5,1,2010,4,2014,4,150,10563,1,2,2,2,2,1,213148800,33481,1.4,0,8,10,6,15,7,3,1,0,2,2,0,0,0,0,0,0,0,0,0,0,0,0,,13693967,https://kurgan.drom.ru/volkswagen/passat_cc/13693967.html,750000
3,5,1,2010,4,2014,4,150,21841,1,2,2,2,2,1,213148800,33481,1.4,0,8,10,6,15,7,3,1,0,2,2,0,0,0,0,0,0,0,0,0,0,0,0,,14691872,https://irkutsk.drom.ru/volkswagen/jetta/14691872.html,590000
3,5,1,2010,4,2014,4,150,24296,1,2,2,2,2,1,213148800,33481,1.4,0,8,10,6,15,7,3,1,0,2,2,0,0,0,0,0,0,0,0,0,0,0,0,,14708378,https://tyumen.drom.ru/volkswagen/jetta/14708378.html,535000
3,5,1,2010,4,2014,4,150,29480,1,2,2,2,2,1,213148800,33481,1.4,0,8,10,6,15,7,3,1,0,2,2,0,0,0,0,0,0,0,0,0,0,0,0,,13410353,https://tomsk.drom.ru/volkswagen/passat/13410353.html,663000
3,5,1,2010,4,2014,4,150,19884,1,2,2,2,2,1,213148800,33481,1.4,0,8,10,6,15,7,3,1,0,2,2,0,0,0,0,0,0,0,0,0,0,0,0,,13587469,https://novosibirsk.drom.ru/volkswagen/polo/13587469.html,410000
3,5,1,2010,4,2014,4,150,28210,1,2,2,2,2,1,213148800,33481,1.4,0,8,10,6,15,7,3,1,0,2,2,0,0,0,0,0,0,0,0,0,0,0,0,,14681602,https://tomsk.drom.ru/volkswagen/jetta/14681602.html,550000
3,5,1,2010,4,2014,4,150,30447,1,2,2,2,2,1,213148800,33481,1.4,0,8,10,6,15,7,3,1,0,2,2,0,0,0,0,0,0,0,0,0,0,0,0,,12576007,https://noviy-urengoy.drom.ru/volkswagen/passat/12576007.html,825000
3,5,1,2010,4,2014,4,150,31069,1,2,2,2,2,1,213148800,33481,1.4,0,8,10,6,15,7,3,1,0,2,2,0,0,0,0,0,0,0,0,0,0,0,0,,14568074,https://novorossiysk.drom.ru/volkswagen/polo/14568074.html,450000
3,5,1,2010,4,2014,4,150,24855,1,2,2,2,2,1,213148800,33481,1.4,0,8,10,6,15,7,3,1,0,2,2,0,0,0,0,0,0,0,0,0,0,0,0,,14755692,https://sevastopol.drom.ru/volkswagen/passat_cc/14755692.html,1050000
3,5,1,2010,4,2014,4,150,6214,1,2,2,2,2,1,213148800,33481,1.4,0,8,10,6,15,7,3,1,0,2,2,0,0,0,0,0,0,0,0,0,0,0,0,,14723645,https://omsk.drom.ru/volkswagen/passat_cc/14723645.html,850000
3,5,1,2010,4,2014,4,150,29204,1,2,2,2,2,1,213148800,33481,1.4,0,8,10,6,15,7,3,1,0,2,2,0,0,0,0,0,0,0,0,0,0,0,0,,14586187,https://omsk.drom.ru/volkswagen/passat/14586187.html,709000
3,5,1,2010,4,2014,4,150,24855,1,2,2,2,2,1,213148800,33481,1.4,0,8,10,6,15,7,3,1,0,2,2,0,0,0,0,0,0,0,0,0,0,0,0,,14619454,https://samara.drom.ru/volkswagen/passat/14619454.html,590000
3,5,1,2010,4,2014,4,150,19884,1,2,2,2,2,1,213148800,33481,1.4,0,8,10,6,15,7,3,1,0,2,2,0,0,0,0,0,0,0,0,0,0,0,0,,14577517,https://zheleznovodsk.drom.ru/volkswagen/passat_cc/14577517.html,815000
3,5,1,2010,4,2014,4,150,26098,1,2,2,2,2,1,213148800,33481,1.4,0,8,10,6,15,7,3,1,0,2,2,0,0,0,0,0,0,0,0,0,0,0,0,,14555273,https://novosibirsk.drom.ru/volkswagen/passat/14555273.html,670000
3,5,0,2010,4,2014,4,150,31690,1,2,2,2,2,1,213148800,33481,1.4,0,8,10,6,15,7,3,1,0,2,2,0,0,0,0,0,0,0,0,0,0,0,0,,13937252,https://slavgorod.drom.ru/volkswagen/passat/13937252.html,750000
3,5,1,2010,4,2014,4,150,32386,1,2,2,2,2,1,213148800,33481,1.4,0,8,10,6,15,7,3,1,0,2,2,0,0,0,0,0,0,0,0,0,0,0,0,,14422381,https://irkutsk.drom.ru/volkswagen/jetta/14422381.html,570000
3,5,1,2010,4,2014,4,150,12427,1,2,2,2,2,1,213148800,33481,1.4,0,8,10,6,15,7,3,1,0,2,2,0,0,0,0,0,0,0,0,0,0,0,0,,13958738,https://irkutsk.drom.ru/volkswagen/polo/13958738.html,460000
3,5,1,2010,4,2014,4,150,18268,1,2,2,2,2,1,213148800,33481,1.4,0,8,10,6,15,7,3,1,0,2,2,0,0,0,0,0,0,0,0,0,0,0,0,,14248535,https://barnaul.drom.ru/volkswagen/jetta/14248535.html,560000
3,5,1,2010,4,2014,4,150,29018,1,2,2,2,2,1,213148800,33481,1.4,0,8,10,6,15,7,3,1,0,2,2,0,0,0,0,0,0,0,0,0,0,0,0,,14358863,https://surgut.drom.ru/volkswagen/passat_cc/14358863.html,850000
3,5,1,2010,4,2014,4,150,29204,1,2,2,2,2,1,213148800,33481,1.4,0,8,10,6,15,7,3,1,0,2,2,0,0,0,0,0,0,0,0,0,0,0,0,,13993797,https://tyumen.drom.ru/volkswagen/passat_cc/13993797.html,837000
3,5,1,2010,4,2014,4,150,24855,1,2,2,2,2,1,213148800,33481,1.4,0,8,10,6,15,7,3,1,0,2,2,0,0,0,0,0,0,0,0,0,0,0,0,,13677228,https://tyumen.drom.ru/volkswagen/passat_cc/13677228.html,843000
3,5,1,2010,4,2014,4,150,28583,1,2,2,2,2,1,213148800,33481,1.4,0,8,10,6,15,7,3,1,0,2,2,0,0,0,0,0,0,0,0,0,0,0,0,,14281085,https://belgorod.drom.ru/volkswagen/passat_cc/14281085.html,835000
3,5,1,2010,4,2014,4,150,29204,1,2,2,2,2,1,213148800,33481,1.4,0,8,10,6,15,7,3,1,0,2,2,0,0,0,0,0,0,0,0,0,0,0,0,,13909758,https://tyumen.drom.ru/volkswagen/passat_cc/13909758.html,837000
3,5,1,2010,4,2014,4,150,21748,1,2,2,2,2,1,213148800,33481,1.4,0,8,10,6,15,7,3,1,0,2,2,0,0,0,0,0,0,0,0,0,0,0,0,,12953291,https://rostov-na-donu.drom.ru/volkswagen/passat/12953291.html,799000
3,5,1,2010,4,2014,4,150,28091,1,2,2,2,2,1,213148800,33481,1.4,0,8,10,6,15,7,3,1,0,2,2,0,0,0,0,0,0,0,0,0,0,0,0,,14133798,https://moscow.drom.ru/volkswagen/passat/14133798.html,730000
3,5,1,2010,4,2014,4,150,29204,1,2,2,2,2,1,213148800,33481,1.4,0,8,10,6,15,7,3,1,0,2,2,0,0,0,0,0,0,0,0,0,0,0,0,,13565230,https://krasnoyarsk.drom.ru/volkswagen/passat/13565230.html,760000
3,5,1,2010,4,2014,4,150,24233,1,2,2,2,2,1,213148800,33481,1.4,0,8,10,6,15,7,3,1,0,2,2,0,0,0,0,0,0,0,0,0,0,0,0,,14030904,https://kirov.drom.ru/volkswagen/passat/14030904.html,660000
3,5,1,2010,4,2014,4,150,16777,1,2,2,2,2,1,213148800,33481,1.4,0,8,10,6,15,7,3,1,0,2,2,0,0,0,0,0,0,0,0,0,0,0,0,,13972489,https://omsk.drom.ru/volkswagen/jetta/13972489.html,550000
3,5,1,2010,4,2014,4,150,27962,1,2,2,2,2,1,213148800,33481,1.4,0,8,10,6,15,7,3,1,0,2,2,0,0,0,0,0,0,0,0,0,0,0,0,,12904494,https://krasnodar.drom.ru/volkswagen/passat_cc/12904494.html,830000
3,5,1,2010,4,2014,4,150,17398,1,2,2,2,2,1,213148800,33481,1.4,0,8,10,6,15,7,3,1,0,2,2,0,0,0,0,0,0,0,0,0,0,0,0,,12916137,https://barnaul.drom.ru/volkswagen/jetta/12916137.html,570000
3,5,1,2010,4,2014,4,150,22369,1,2,2,2,2,1,213148800,33481,1.4,0,8,10,6,15,7,3,1,0,2,2,0,0,0,0,0,0,0,0,0,0,0,0,,13038525,https://omsk.drom.ru/volkswagen/jetta/13038525.html,650000
3,5,1,2010,4,2014,4,150,22369,1,2,2,2,2,1,213148800,33481,1.4,0,8,10,6,15,7,3,1,0,2,2,0,0,0,0,0,0,0,0,0,0,0,0,,13859027,https://tyumen.drom.ru/volkswagen/passat_cc/13859027.html,899000
3,5,1,2010,4,2014,4,150,27656,1,2,2,2,2,1,213148800,33481,1.4,0,8,10,6,15,7,3,1,0,2,2,0,0,0,0,0,0,0,0,0,0,0,0,,13851966,https://moscow.drom.ru/volkswagen/passat/13851966.html,760000
3,5,1,2010,4,2014,4,150,14292,1,2,2,2,2,1,213148800,33481,1.4,0,8,10,6,15,7,3,1,0,2,2,0,0,0,0,0,0,0,0,0,0,0,0,,13031386,https://nizhnevartovsk.drom.ru/volkswagen/passat/13031386.html,800000
3,5,1,2010,4,2014,4,150,15224,1,2,2,2,2,1,213148800,33481,1.4,0,8,10,6,15,7,3,1,0,2,2,0,0,0,0,0,0,0,0,0,0,0,0,,13827283,https://omsk.drom.ru/volkswagen/polo/13827283.html,395000
3,5,1,2010,4,2014,4,150,29204,1,2,2,2,2,1,213148800,33481,1.4,0,8,10,6,15,7,3,1,0,2,2,0,0,0,0,0,0,0,0,0,0,0,0,,13816676,https://kirov.drom.ru/volkswagen/polo/13816676.html,430000
3,5,1,2010,4,2014,4,150,29204,1,2,2,2,2,1,213148800,33481,1.4,0,8,10,6,15,7,3,1,0,2,2,0,0,0,0,0,0,0,0,0,0,0,0,,13816476,https://moscow.drom.ru/volkswagen/jetta/13816476.html,549000
3,5,1,2010,4,2014,4,150,18641,1,2,2,2,2,1,213148800,33481,1.4,0,8,10,6,15,7,3,1,0,2,2,0,0,0,0,0,0,0,0,0,0,0,0,,13489922,https://tomsk.drom.ru/volkswagen/jetta/13489922.html,540000
3,5,1,2010,4,2014,4,150,17709,1,2,2,2,2,1,213148800,33481,1.4,0,8,10,6,15,7,3,1,0,2,2,0,0,0,0,0,0,0,0,0,0,0,0,,13745490,https://novosibirsk.drom.ru/volkswagen/jetta/13745490.html,550000
3,5,1,2010,4,2014,4,150,27962,1,2,2,2,2,1,213148800,33481,1.4,0,8,10,6,15,7,3,1,0,2,2,0,0,0,0,0,0,0,0,0,0,0,0,,13641663,https://krasnodar.drom.ru/volkswagen/jetta/13641663.html,565000
3,5,1,2010,4,2014,4,150,12427,1,2,2,2,2,1,213148800,33481,1.4,0,8,10,6,15,7,3,1,0,2,2,0,0,0,0,0,0,0,0,0,0,0,0,,13702702,https://ufa.drom.ru/volkswagen/jetta/13702702.html,555000
3,5,1,2010,4,2014,4,150,21748,1,2,2,2,2,1,213148800,33481,1.4,0,8,10,6,15,7,3,1,0,2,2,0,0,0,0,0,0,0,0,0,0,0,0,,13133332,https://surgut.drom.ru/volkswagen/passat_cc/13133332.html,980000
3,5,1,2010,4,2014,4,150,22991,1,2,2,2,2,1,213148800,33481,1.4,0,8,10,6,15,7,3,1,0,2,2,0,0,0,0,0,0,0,0,0,0,0,0,,13671971,https://surgut.drom.ru/volkswagen/passat/13671971.html,750000
