brand,color,fuelType,modelDate,numberOfDoors,productionDate,vehicleTransmission,enginePower,mileage,Привод,Руль,Состояние,Владельцы,ПТС,Таможня,Владение,id,motor,внедорожник,Безопасность,Салон,Мультимедиа,Комфорт,Обзор,Защита от угона,седан,хэтчбек,Элементы экстерьера,Прочее,лифтбек,купе,пикап,минивэн,компактвэн,универсал,родстер,кабриолет,фургон,микровэн,тарга,лимузин,model,car_id,url,price
11,5,1,2011,4,2020,2,245,82642,2,2,2,3,2,1,139536000,11040,1.6,0,8,6,3,13,7,4,1,0,2,0,0,0,0,0,0,0,0,0,0,0,0,0,316i,36916497,https://krasnoyarsk.drom.ru/bmw/3-series/36916497.html,948000
11,5,1,2011,4,2020,2,156,94448,2,2,2,3,2,1,146275200,11040,1.6,0,8,6,3,13,7,4,1,0,2,0,0,0,0,0,0,0,0,0,0,0,0,0,316i,35831746,https://novorossiysk.drom.ru/bmw/3-series/35831746.html,720000
11,5,2,2011,4,2020,2,184,111847,2,2,2,3,2,1,2505600,11040,1.6,0,8,6,3,13,7,4,1,0,2,0,0,0,0,0,0,0,0,0,0,0,0,0,316i,37590908,https://abakan.drom.ru/bmw/5-series/37590908.html,1120000
11,5,1,2011,4,2020,2,156,88856,2,2,2,3,2,1,65923200,11040,1.6,0,8,6,3,13,7,4,1,0,2,0,0,0,0,0,0,0,0,0,0,0,0,0,316i,37541487,https://sochi.drom.ru/bmw/3-series/37541487.html,730000
11,5,1,2011,4,2020,2,136,88235,2,2,2,3,2,1,40780800,11040,1.6,0,8,6,3,13,7,4,1,0,2,0,0,0,0,0,0,0,0,0,0,0,0,0,316i,36506932,https://krasnodar.drom.ru/bmw/3-series/36506932.html,650000
11,5,1,2011,4,2020,2,156,86992,2,2,2,3,2,1,5270400,11040,1.6,0,8,6,3,13,7,4,1,0,2,0,0,0,0,0,0,0,0,0,0,0,0,0,316i,36455754,https://naberezhnye-chelny.drom.ru/bmw/3-series/36455754.html,635000
11,5,1,2011,4,2020,2,136,85128,2,2,2,3,2,1,88300800,11040,1.6,0,8,6,3,13,7,4,1,0,2,0,0,0,0,0,0,0,0,0,0,0,0,0,316i,37488320,https://krasnodar.drom.ru/bmw/3-series/37488320.html,585000
11,5,1,2011,4,2020,2,156,97555,2,2,2,3,2,1,102297600,11040,1.6,0,8,6,3,13,7,4,1,0,2,0,0,0,0,0,0,0,0,0,0,0,0,0,316i,37113014,https://kazan.drom.ru/bmw/3-series/37113014.html,629000
11,5,1,2011,4,2020,2,136,84506,2,2,2,3,2,1,142905600,11040,1.6,0,8,6,3,13,7,4,1,0,2,0,0,0,0,0,0,0,0,0,0,0,0,0,316i,37344147,https://belorechensk.drom.ru/bmw/3-series/37344147.html,640000
11,5,1,2011,4,2020,2,136,110604,2,2,2,3,2,1,45360000,11040,1.6,0,8,6,3,13,7,4,1,0,2,0,0,0,0,0,0,0,0,0,0,0,0,0,316i,36869897,https://moscow.drom.ru/bmw/3-series/36869897.html,600000
11,5,1,2011,4,2020,2,136,98161,2,2,2,3,2,1,1814400,11040,1.6,0,8,6,3,13,7,4,1,0,2,0,0,0,0,0,0,0,0,0,0,0,0,0,316i,37443212,https://tyumen.drom.ru/bmw/3-series/37443212.html,650500
11,5,1,2011,4,2020,2,136,103769,2,2,2,3,2,1,4233600,11040,1.6,0,8,6,3,13,7,4,1,0,2,0,0,0,0,0,0,0,0,0,0,0,0,0,316i,35807388,https://simferopol.drom.ru/bmw/3-series/35807388.html,460000
11,5,1,2011,4,2020,2,245,90099,2,2,2,2,2,1,50112000,11040,1.6,0,8,6,3,13,7,4,1,0,2,0,0,0,0,0,0,0,0,0,0,0,0,0,316i,35067538,https://korenovsk.drom.ru/bmw/3-series/35067538.html,925000
11,5,1,2011,4,2020,2,136,86992,2,2,2,3,2,1,42681600,11040,1.6,0,8,6,3,13,7,4,1,0,2,0,0,0,0,0,0,0,0,0,0,0,0,0,316i,37303991,https://spb.drom.ru/bmw/3-series/37303991.html,599999
11,5,1,2011,4,2020,2,136,81400,2,2,2,3,2,1,100224000,11040,1.6,0,8,6,3,13,7,4,1,0,2,0,0,0,0,0,0,0,0,0,0,0,0,0,316i,35432283,https://nizhniy-tagil.drom.ru/bmw/3-series/35432283.html,650000
11,5,1,2011,4,2020,2,136,99419,2,2,2,3,2,1,73526400,11040,1.6,0,8,6,3,13,7,4,1,0,2,0,0,0,0,0,0,0,0,0,0,0,0,0,316i,30276751,https://krasnoyarsk.drom.ru/bmw/3-series/30276751.html,600000
11,5,1,2011,4,2020,2,136,93206,2,2,2,3,2,1,21600000,11040,1.6,0,8,6,3,13,7,4,1,0,2,0,0,0,0,0,0,0,0,0,0,0,0,0,316i,37082500,https://kemerovo.drom.ru/bmw/3-series/37082500.html,650000
11,5,1,2011,4,2020,2,155,84506,2,2,2,3,2,1,34473600,11040,1.6,0,8,6,3,13,7,4,1,0,2,0,0,0,0,0,0,0,0,0,0,0,0,0,316i,36994399,https://krasnodar.drom.ru/bmw/3-series/36994399.html,550000
11,5,1,2011,4,2020,2,136,88856,2,2,2,3,2,1,39225600,11040,1.6,0,8,6,3,13,7,4,1,0,2,0,0,0,0,0,0,0,0,0,0,0,0,0,316i,36140374,https://togliatti.drom.ru/bmw/3-series/36140374.html,680000
11,5,1,2011,4,2020,2,156,85749,2,2,2,3,2,1,9504000,11040,1.6,0,8,6,3,13,7,4,1,0,2,0,0,0,0,0,0,0,0,0,0,0,0,0,316i,34597677,https://samara.drom.ru/bmw/3-series/34597677.html,750000
11,5,1,2011,4,2020,2,136,93206,2,2,2,3,2,1,74995200,11040,1.6,0,8,6,3,13,7,4,1,0,2,0,0,0,0,0,0,0,0,0,0,0,0,0,316i,31416050,https://surgut.drom.ru/bmw/3-series/31416050.html,575000
11,5,1,2011,4,2020,2,156,94448,2,2,2,3,2,1,166492800,11040,1.6,0,8,6,3,13,7,4,1,0,2,0,0,0,0,0,0,0,0,0,0,0,0,0,316i,36127303,https://novorossiysk.drom.ru/bmw/3-series/36127303.html,657000
11,5,1,2011,4,2019,2,136,93206,2,2,2,3,2,1,10281600,11040,1.6,0,8,6,3,13,7,4,1,0,2,0,0,0,0,0,0,0,0,0,0,0,0,0,316i,34076077,https://volgograd.drom.ru/bmw/3-series/34076077.html,545000
11,5,1,2011,4,2019,2,136,90720,2,2,2,3,2,1,-1036800,11040,1.6,0,8,6,3,13,7,4,1,0,2,0,0,0,0,0,0,0,0,0,0,0,0,0,316i,35932742,https://kemerovo.drom.ru/bmw/3-series/35932742.html,679000
11,5,1,2011,4,2019,2,136,97555,2,2,2,3,2,1,1468800,11040,1.6,0,8,6,3,13,7,4,1,0,2,0,0,0,0,0,0,0,0,0,0,0,0,0,316i,36666123,https://sevastopol.drom.ru/bmw/3-series/36666123.html,520000
11,5,1,2011,4,2019,2,245,96934,2,2,2,2,2,1,137376000,11040,1.6,0,8,6,3,13,7,4,1,0,2,0,0,0,0,0,0,0,0,0,0,0,0,0,316i,36257275,https://noyabrsk.drom.ru/bmw/5-series/36257275.html,900000
11,5,1,2011,4,2019,2,136,96934,2,2,2,3,2,1,-6480000,11040,1.6,0,8,6,3,13,7,4,1,0,2,0,0,0,0,0,0,0,0,0,0,0,0,0,316i,36343137,https://ekaterinburg.drom.ru/bmw/3-series/36343137.html,550000
11,5,1,2011,4,2019,2,136,88235,2,2,2,3,2,1,91584000,11040,1.6,0,8,6,3,13,7,4,1,0,2,0,0,0,0,0,0,0,0,0,0,0,0,0,316i,35934087,https://izhevsk.drom.ru/bmw/3-series/35934087.html,629000
11,5,1,2011,4,2019,2,156,102526,2,2,2,3,2,1,93657600,11040,1.6,0,8,6,3,13,7,4,1,0,2,0,0,0,0,0,0,0,0,0,0,0,0,0,316i,36227488,https://spb.drom.ru/bmw/3-series/36227488.html,675000
11,5,1,2011,4,2019,2,136,105633,2,2,2,3,2,1,126662400,11040,1.6,0,8,6,3,13,7,4,1,0,2,0,0,0,0,0,0,0,0,0,0,0,0,0,316i,36199382,https://sevastopol.drom.ru/bmw/3-series/36199382.html,520000
11,5,1,2011,4,2019,2,136,93206,2,2,2,2,2,1,112233600,11040,1.6,0,8,6,3,13,7,4,1,0,2,0,0,0,0,0,0,0,0,0,0,0,0,0,316i,36174807,https://ekaterinburg.drom.ru/bmw/3-series/36174807.html,659000
11,5,1,2011,4,2019,2,136,100662,2,2,2,3,2,1,80697600,11040,1.6,0,8,6,3,13,7,4,1,0,2,0,0,0,0,0,0,0,0,0,0,0,0,0,316i,36098805,https://tyumen.drom.ru/bmw/3-series/36098805.html,700000
11,5,1,2011,4,2019,2,136,105633,2,2,2,3,2,1,125798400,11040,1.6,0,8,6,3,13,7,4,1,0,2,0,0,0,0,0,0,0,0,0,0,0,0,0,316i,35577098,https://sevastopol.drom.ru/bmw/3-series/35577098.html,510000
11,5,1,2011,4,2019,2,136,85128,2,2,2,1,2,1,202521600,11040,1.6,0,8,6,3,13,7,4,1,0,2,0,0,0,0,0,0,0,0,0,0,0,0,0,316i,35886803,https://korenovsk.drom.ru/bmw/3-series/35886803.html,625000
11,5,1,2011,4,2019,2,136,85998,2,2,2,1,2,1,202521600,11040,1.6,0,8,6,3,13,7,4,1,0,2,0,0,0,0,0,0,0,0,0,0,0,0,0,316i,33099078,https://chelyabinsk.drom.ru/bmw/3-series/33099078.html,650000
11,5,1,2011,4,2019,2,150,90720,2,2,2,1,2,1,202521600,11040,1.6,0,8,6,3,13,7,4,1,0,2,0,0,0,0,0,0,0,0,0,0,0,0,0,316i,35881422,https://omsk.drom.ru/bmw/3-series/35881422.html,680000
11,5,1,2011,4,2019,2,136,99419,2,2,2,1,2,1,202521600,11040,1.6,0,8,6,3,13,7,4,1,0,2,0,0,0,0,0,0,0,0,0,0,0,0,0,316i,35855551,https://omsk.drom.ru/bmw/3-series/35855551.html,700000
11,5,1,2011,4,2019,2,245,82642,2,2,2,1,2,1,202521600,11040,1.6,0,8,6,3,13,7,4,1,0,2,0,0,0,0,0,0,0,0,0,0,0,0,0,316i,35591509,https://krasnodar.drom.ru/bmw/5-series/35591509.html,900000
11,5,2,2011,4,2019,2,184,98177,2,2,2,1,2,1,202521600,11040,1.6,0,8,6,3,13,7,4,1,0,2,0,0,0,0,0,0,0,0,0,0,0,0,0,316i,35823454,https://abakan.drom.ru/bmw/5-series/35823454.html,1000000
11,5,1,2011,4,2019,2,136,91342,2,2,2,1,2,1,202521600,11040,1.6,0,8,6,3,13,7,4,1,0,2,0,0,0,0,0,0,0,0,0,0,0,0,0,316i,35022807,https://tatarsk.drom.ru/bmw/3-series/35022807.html,750000
11,5,1,2011,4,2019,2,245,110536,2,2,2,1,2,1,202521600,11040,1.6,0,8,6,3,13,7,4,1,0,2,0,0,0,0,0,0,0,0,0,0,0,0,0,316i,35234765,https://krasnodar.drom.ru/bmw/3-series/35234765.html,980000
11,5,2,2011,4,2019,2,183,85128,2,2,2,1,2,1,202521600,11040,1.6,0,8,6,3,13,7,4,1,0,2,0,0,0,0,0,0,0,0,0,0,0,0,0,316i,35632938,https://naberezhnye-chelny.drom.ru/bmw/5-series/35632938.html,1100000
11,5,1,2011,4,2019,2,136,93827,2,2,2,1,2,1,202521600,11040,1.6,0,8,6,3,13,7,4,1,0,2,0,0,0,0,0,0,0,0,0,0,0,0,0,316i,30496984,https://irkutsk.drom.ru/bmw/3-series/30496984.html,670000
11,5,1,2011,4,2019,2,156,93206,2,2,2,1,2,1,202521600,11040,1.6,0,8,6,3,13,7,4,1,0,2,0,0,0,0,0,0,0,0,0,0,0,0,0,316i,35414522,https://tyumen.drom.ru/bmw/3-series/35414522.html,700000
11,5,1,2011,4,2019,2,136,85128,2,2,2,1,2,1,202521600,11040,1.6,0,8,6,3,13,7,4,1,0,2,0,0,0,0,0,0,0,0,0,0,0,0,0,316i,35067959,https://korenovsk.drom.ru/bmw/3-series/35067959.html,635000
11,5,2,2011,4,2019,2,184,91031,2,2,2,1,2,1,202521600,11040,1.6,0,8,6,3,13,7,4,1,0,2,0,0,0,0,0,0,0,0,0,0,0,0,0,316i,35443859,https://sochi.drom.ru/bmw/5-series/35443859.html,1050000
11,5,1,2011,4,2019,2,157,105633,2,2,2,1,2,1,202521600,11040,1.6,0,8,6,3,13,7,4,1,0,2,0,0,0,0,0,0,0,0,0,0,0,0,0,316i,35343365,https://yalta.drom.ru/bmw/3-series/35343365.html,660000
11,5,1,2011,4,2019,2,136,93206,2,2,2,1,2,1,202521600,11040,1.6,0,8,6,3,13,7,4,1,0,2,0,0,0,0,0,0,0,0,0,0,0,0,0,316i,34605731,https://novokorsunskaya.drom.ru/bmw/3-series/34605731.html,620000
11,5,1,2011,4,2019,2,136,104390,2,2,2,1,2,1,202521600,11040,1.6,0,8,6,3,13,7,4,1,0,2,0,0,0,0,0,0,0,0,0,0,0,0,0,316i,33866238,https://samara.drom.ru/bmw/3-series/33866238.html,635000
11,5,1,2011,4,2019,2,156,103148,2,2,2,1,2,1,202521600,11040,1.6,0,8,6,3,13,7,4,1,0,2,0,0,0,0,0,0,0,0,0,0,0,0,0,316i,35299622,https://nizhniy-novgorod.drom.ru/bmw/3-series/35299622.html,540000
11,5,1,2011,4,2019,2,156,92584,2,2,2,1,2,1,202521600,11040,1.6,0,8,6,3,13,7,4,1,0,2,0,0,0,0,0,0,0,0,0,0,0,0,0,316i,35252434,https://novorossiysk.drom.ru/bmw/3-series/35252434.html,680000
11,5,1,2011,4,2019,2,136,82642,2,2,2,1,2,1,202521600,11040,1.6,0,8,6,3,13,7,4,1,0,2,0,0,0,0,0,0,0,0,0,0,0,0,0,316i,25364964,https://ufa.drom.ru/bmw/3-series/25364964.html,720000
11,5,1,2011,4,2019,2,136,85128,2,2,2,1,2,1,202521600,11040,1.6,0,8,6,3,13,7,4,1,0,2,0,0,0,0,0,0,0,0,0,0,0,0,0,316i,35244219,https://odintsovo.drom.ru/bmw/3-series/35244219.html,590000
11,5,1,2011,4,2019,2,156,85749,2,2,2,1,2,1,202521600,11040,1.6,0,8,6,3,13,7,4,1,0,2,0,0,0,0,0,0,0,0,0,0,0,0,0,316i,35066858,https://orenburg.drom.ru/bmw/3-series/35066858.html,630000
11,5,1,2011,4,2019,2,136,90150,2,2,2,1,2,1,202521600,11040,1.6,0,8,6,3,13,7,4,1,0,2,0,0,0,0,0,0,0,0,0,0,0,0,0,316i,35058846,https://voronezh.drom.ru/bmw/3-series/35058846.html,640000
11,5,1,2011,4,2019,2,136,89477,2,2,2,1,2,1,202521600,11040,1.6,0,8,6,3,13,7,4,1,0,2,0,0,0,0,0,0,0,0,0,0,0,0,0,316i,33450787,https://ekaterinburg.drom.ru/bmw/3-series/33450787.html,650000
11,5,1,2011,4,2019,2,245,98798,2,2,2,1,2,1,202521600,11040,1.6,0,8,6,3,13,7,4,1,0,2,0,0,0,0,0,0,0,0,0,0,0,0,0,316i,33113729,https://kerch.drom.ru/bmw/5-series/33113729.html,890000
11,5,1,2011,4,2019,2,184,93206,2,2,2,1,2,1,202521600,11040,1.6,0,8,6,3,13,7,4,1,0,2,0,0,0,0,0,0,0,0,0,0,0,0,0,316i,34006846,https://ekaterinburg.drom.ru/bmw/5-series/34006846.html,790000
11,5,1,2011,4,2019,2,136,96313,2,2,2,1,2,1,202521600,11040,1.6,0,8,6,3,13,7,4,1,0,2,0,0,0,0,0,0,0,0,0,0,0,0,0,316i,33999630,https://sevastopol.drom.ru/bmw/3-series/33999630.html,575000
11,5,1,2011,4,2019,2,136,92183,2,2,2,1,2,1,202521600,11040,1.6,0,8,6,3,13,7,4,1,0,2,0,0,0,0,0,0,0,0,0,0,0,0,0,316i,34882723,https://krasnodar.drom.ru/bmw/3-series/34882723.html,680000
11,5,1,2011,4,2019,2,136,90099,2,2,2,1,2,1,202521600,11040,1.6,0,8,6,3,13,7,4,1,0,2,0,0,0,0,0,0,0,0,0,0,0,0,0,316i,33233680,https://novokuznetsk.drom.ru/bmw/3-series/33233680.html,720000
11,5,1,2011,4,2019,2,245,104185,2,2,2,1,2,1,202521600,11040,1.6,0,8,6,3,13,7,4,1,0,2,0,0,0,0,0,0,0,0,0,0,0,0,0,316i,34826523,https://simferopol.drom.ru/bmw/5-series/34826523.html,850000
11,5,1,2011,4,2019,2,136,94448,2,2,2,1,2,1,202521600,11040,1.6,0,8,6,3,13,7,4,1,0,2,0,0,0,0,0,0,0,0,0,0,0,0,0,316i,34811751,https://noyabrsk.drom.ru/bmw/3-series/34811751.html,620000
11,5,1,2011,4,2019,2,136,107497,2,2,2,1,2,1,202521600,11040,1.6,0,8,6,3,13,7,4,1,0,2,0,0,0,0,0,0,0,0,0,0,0,0,0,316i,34315451,https://stavropol.drom.ru/bmw/3-series/34315451.html,670000
11,5,1,2011,4,2019,2,156,90720,2,2,2,1,2,1,202521600,11040,1.6,0,8,6,3,13,7,4,1,0,2,0,0,0,0,0,0,0,0,0,0,0,0,0,316i,34638142,https://abakan.drom.ru/bmw/3-series/34638142.html,690000
11,5,1,2011,4,2019,2,136,95691,2,2,2,1,2,1,202521600,11040,1.6,0,8,6,3,13,7,4,1,0,2,0,0,0,0,0,0,0,0,0,0,0,0,0,316i,34002014,https://tyumen.drom.ru/bmw/3-series/34002014.html,719000
11,5,1,2011,4,2019,2,156,102526,2,2,2,1,2,1,202521600,11040,1.6,0,8,6,3,13,7,4,1,0,2,0,0,0,0,0,0,0,0,0,0,0,0,0,316i,31027093,https://barnaul.drom.ru/bmw/3-series/31027093.html,650000
11,5,1,2011,4,2019,2,140,86992,2,2,2,1,2,1,202521600,11040,1.6,0,8,6,3,13,7,4,1,0,2,0,0,0,0,0,0,0,0,0,0,0,0,0,316i,33794220,https://irkutsk.drom.ru/bmw/3-series/33794220.html,900000
11,5,1,2011,4,2019,2,157,93206,2,2,2,1,2,1,202521600,11040,1.6,0,8,6,3,13,7,4,1,0,2,0,0,0,0,0,0,0,0,0,0,0,0,0,316i,34308795,https://ekaterinburg.drom.ru/bmw/3-series/34308795.html,550000
11,5,1,2011,4,2019,2,156,82021,2,2,2,1,2,1,202521600,11040,1.6,0,8,6,3,13,7,4,1,0,2,0,0,0,0,0,0,0,0,0,0,0,0,0,316i,31008628,https://orenburg.drom.ru/bmw/3-series/31008628.html,795000
11,5,2,2011,4,2019,2,218,96934,2,2,2,1,2,1,202521600,11040,1.6,0,8,6,3,13,7,4,1,0,2,0,0,0,0,0,0,0,0,0,0,0,0,0,316i,34223257,https://sevastopol.drom.ru/bmw/5-series/34223257.html,1050000
11,5,1,2011,4,2019,2,245,83885,2,2,2,1,2,1,202521600,11040,1.6,0,8,6,3,13,7,4,1,0,2,0,0,0,0,0,0,0,0,0,0,0,0,0,316i,33463017,https://tuapse.drom.ru/bmw/3-series/33463017.html,1150000
11,5,1,2011,4,2019,2,245,83885,2,2,2,1,2,1,202521600,11040,1.6,0,8,6,3,13,7,4,1,0,2,0,0,0,0,0,0,0,0,0,0,0,0,0,316i,34038085,https://sevastopol.drom.ru/bmw/5-series/34038085.html,1070000
11,5,1,2011,4,2019,2,136,83264,2,2,2,1,2,1,202521600,11040,1.6,0,8,6,3,13,7,4,1,0,2,0,0,0,0,0,0,0,0,0,0,0,0,0,316i,33191749,https://biysk.drom.ru/bmw/3-series/33191749.html,690000
11,5,1,2011,4,2019,2,156,93206,2,2,2,1,2,1,202521600,11040,1.6,0,8,6,3,13,7,4,1,0,2,0,0,0,0,0,0,0,0,0,0,0,0,0,316i,33282899,https://sevastopol.drom.ru/bmw/3-series/33282899.html,715000
11,5,1,2011,4,2019,2,156,88235,2,2,2,1,2,1,202521600,11040,1.6,0,8,6,3,13,7,4,1,0,2,0,0,0,0,0,0,0,0,0,0,0,0,0,316i,33879829,https://nefteyugansk.drom.ru/bmw/3-series/33879829.html,800000
11,5,1,2011,4,2019,2,136,99419,2,2,2,1,2,1,202521600,11040,1.6,0,8,6,3,13,7,4,1,0,2,0,0,0,0,0,0,0,0,0,0,0,0,0,316i,31128277,https://novosibirsk.drom.ru/bmw/3-series/31128277.html,540000
11,5,1,2011,4,2019,2,136,108119,2,2,2,1,2,1,202521600,11040,1.6,0,8,6,3,13,7,4,1,0,2,0,0,0,0,0,0,0,0,0,0,0,0,0,316i,33608474,https://kaluga.drom.ru/bmw/3-series/33608474.html,365000
11,5,1,2011,4,2019,2,136,93827,2,2,2,1,2,1,202521600,11040,1.6,0,8,6,3,13,7,4,1,0,2,0,0,0,0,0,0,0,0,0,0,0,0,0,316i,33645856,https://krasnodar.drom.ru/bmw/3-series/33645856.html,630000
11,5,1,2011,4,2019,2,136,97555,2,2,2,1,2,1,202521600,11040,1.6,0,8,6,3,13,7,4,1,0,2,0,0,0,0,0,0,0,0,0,0,0,0,0,316i,33489245,https://krasnodar.drom.ru/bmw/3-series/33489245.html,720000
11,5,1,2011,4,2019,2,136,102526,2,2,2,1,2,1,202521600,11040,1.6,0,8,6,3,13,7,4,1,0,2,0,0,0,0,0,0,0,0,0,0,0,0,0,316i,33429027,https://krasnoyarsk.drom.ru/bmw/3-series/33429027.html,680000
11,5,1,2011,4,2019,2,157,93206,2,2,2,1,2,1,202521600,11040,1.6,0,8,6,3,13,7,4,1,0,2,0,0,0,0,0,0,0,0,0,0,0,0,0,316i,33355971,https://sevastopol.drom.ru/bmw/3-series/33355971.html,615000
11,5,1,2011,4,2019,2,157,92584,2,2,2,1,2,1,202521600,11040,1.6,0,8,6,3,13,7,4,1,0,2,0,0,0,0,0,0,0,0,0,0,0,0,0,316i,33301291,https://sevastopol.drom.ru/bmw/3-series/33301291.html,625000
11,5,1,2011,4,2019,2,156,108740,2,2,2,1,2,1,202521600,11040,1.6,0,8,6,3,13,7,4,1,0,2,0,0,0,0,0,0,0,0,0,0,0,0,0,316i,33287439,https://krasnodar.drom.ru/bmw/3-series/33287439.html,665000
11,5,1,2011,4,2019,2,136,105633,2,2,2,1,2,1,202521600,11040,1.6,0,8,6,3,13,7,4,1,0,2,0,0,0,0,0,0,0,0,0,0,0,0,0,316i,33046926,https://tyumen.drom.ru/bmw/3-series/33046926.html,520000
11,5,1,2011,4,2019,2,245,83264,2,2,2,1,2,1,202521600,11040,1.6,0,8,6,3,13,7,4,1,0,2,0,0,0,0,0,0,0,0,0,0,0,0,0,316i,33097417,https://sochi.drom.ru/bmw/3-series/33097417.html,1065000
11,5,1,2011,4,2019,2,136,83885,2,2,2,1,2,1,202521600,11040,1.6,0,8,6,3,13,7,4,1,0,2,0,0,0,0,0,0,0,0,0,0,0,0,0,316i,32420733,https://magnitogorsk.drom.ru/bmw/3-series/32420733.html,650000
11,5,1,2011,4,2019,2,136,83264,2,2,2,1,2,1,202521600,11040,1.6,0,8,6,3,13,7,4,1,0,2,0,0,0,0,0,0,0,0,0,0,0,0,0,316i,32765056,https://novosibirsk.drom.ru/bmw/3-series/32765056.html,755000
11,5,1,2011,4,2019,2,136,90099,2,2,2,1,2,1,202521600,11040,1.6,0,8,6,3,13,7,4,1,0,2,0,0,0,0,0,0,0,0,0,0,0,0,0,316i,32954566,https://ekaterinburg.drom.ru/bmw/3-series/32954566.html,600000
11,5,1,2011,4,2019,2,136,83264,2,2,2,1,2,1,202521600,11040,1.6,0,8,6,3,13,7,4,1,0,2,0,0,0,0,0,0,0,0,0,0,0,0,0,316i,31963146,https://ekaterinburg.drom.ru/bmw/3-series/31963146.html,730000
11,5,2,2011,4,2019,2,184,83885,2,2,2,1,2,1,202521600,11040,1.6,0,8,6,3,13,7,4,1,0,2,0,0,0,0,0,0,0,0,0,0,0,0,0,316i,32566173,https://simferopol.drom.ru/bmw/5-series/32566173.html,1050000
11,5,1,2011,4,2019,2,157,95691,2,2,2,1,2,1,202521600,11040,1.6,0,8,6,3,13,7,4,1,0,2,0,0,0,0,0,0,0,0,0,0,0,0,0,316i,32885023,https://spb.drom.ru/bmw/3-series/32885023.html,750000
11,5,1,2011,4,2019,2,136,92584,2,2,2,1,2,1,202521600,11040,1.6,0,8,6,3,13,7,4,1,0,2,0,0,0,0,0,0,0,0,0,0,0,0,0,316i,32790157,https://kazan.drom.ru/bmw/3-series/32790157.html,670000
11,5,1,2011,4,2019,2,136,82021,2,2,2,1,2,1,202521600,11040,1.6,0,8,6,3,13,7,4,1,0,2,0,0,0,0,0,0,0,0,0,0,0,0,0,316i,32401260,https://novokuznetsk.drom.ru/bmw/3-series/32401260.html,690000
11,5,1,2011,4,2019,2,136,82021,2,2,2,1,2,1,202521600,11040,1.6,0,8,6,3,13,7,4,1,0,2,0,0,0,0,0,0,0,0,0,0,0,0,0,316i,32306329,https://tyumen.drom.ru/bmw/3-series/32306329.html,850000
11,5,1,2011,4,2019,2,136,105633,2,2,2,1,2,1,202521600,11040,1.6,0,8,6,3,13,7,4,1,0,2,0,0,0,0,0,0,0,0,0,0,0,0,0,316i,27050870,https://sevastopol.drom.ru/bmw/3-series/27050870.html,660000
11,5,1,2011,4,2019,2,136,93206,2,2,2,1,2,1,202521600,11040,1.6,0,8,6,3,13,7,4,1,0,2,0,0,0,0,0,0,0,0,0,0,0,0,0,316i,31148049,https://chelyabinsk.drom.ru/bmw/3-series/31148049.html,559000
11,5,1,2011,4,2019,2,136,82642,2,2,2,1,2,1,202521600,11040,1.6,0,8,6,3,13,7,4,1,0,2,0,0,0,0,0,0,0,0,0,0,0,0,0,316i,32025463,https://surgut.drom.ru/bmw/3-series/32025463.html,650000
11,5,1,2011,4,2019,2,156,93206,2,2,2,1,2,1,202521600,11040,1.6,0,8,6,3,13,7,4,1,0,2,0,0,0,0,0,0,0,0,0,0,0,0,0,316i,31333427,https://tyumen.drom.ru/bmw/3-series/31333427.html,700000
11,5,1,2011,4,2019,2,157,85749,2,2,2,1,2,1,202521600,11040,1.6,0,8,6,3,13,7,4,1,0,2,0,0,0,0,0,0,0,0,0,0,0,0,0,316i,32496008,https://omsk.drom.ru/bmw/3-series/32496008.html,810000
11,5,2,2011,4,2019,2,184,82642,2,2,2,1,2,1,202521600,11040,1.6,0,8,6,3,13,7,4,1,0,2,0,0,0,0,0,0,0,0,0,0,0,0,0,316i,32476787,https://irkutsk.drom.ru/bmw/5-series/32476787.html,1100000
11,5,1,2011,4,2019,2,136,81159,2,2,2,1,2,1,202521600,11040,1.6,0,8,6,3,13,7,4,1,0,2,0,0,0,0,0,0,0,0,0,0,0,0,0,316i,32397213,https://krasnoyarsk.drom.ru/bmw/3-series/32397213.html,710000
11,5,1,2011,4,2019,2,150,99419,2,2,2,1,2,1,202521600,11040,1.6,0,8,6,3,13,7,4,1,0,2,0,0,0,0,0,0,0,0,0,0,0,0,0,316i,30432414,https://krasnodar.drom.ru/bmw/3-series/30432414.html,730000
11,5,1,2011,4,2019,2,156,83264,2,2,2,1,2,1,202521600,11040,1.6,0,8,6,3,13,7,4,1,0,2,0,0,0,0,0,0,0,0,0,0,0,0,0,316i,31826977,https://miass.drom.ru/bmw/3-series/31826977.html,770000
11,5,1,2011,4,2018,2,157,106052,2,2,2,1,2,1,202521600,11040,1.6,0,8,6,3,13,7,4,1,0,2,0,0,0,0,0,0,0,0,0,0,0,0,0,316i,31683696,https://moscow.drom.ru/bmw/3-series/31683696.html,700000
11,5,2,2011,4,2018,2,184,105633,2,2,2,1,2,1,202521600,11040,1.6,0,8,6,3,13,7,4,1,0,2,0,0,0,0,0,0,0,0,0,0,0,0,0,316i,31503339,https://chelyabinsk.drom.ru/bmw/5-series/31503339.html,1000000
11,5,1,2011,4,2018,2,136,103769,2,2,2,1,2,1,202521600,11040,1.6,0,8,6,3,13,7,4,1,0,2,0,0,0,0,0,0,0,0,0,0,0,0,0,316i,31351877,https://perm.drom.ru/bmw/3-series/31351877.html,669000
11,5,1,2011,4,2018,2,136,84506,2,2,2,1,2,1,202521600,11040,1.6,0,8,6,3,13,7,4,1,0,2,0,0,0,0,0,0,0,0,0,0,0,0,0,316i,31904846,https://chita.drom.ru/bmw/3-series/31904846.html,1000000
11,5,2,2011,4,2018,2,184,111847,2,2,2,1,2,1,202521600,11040,1.6,0,8,6,3,13,7,4,1,0,2,0,0,0,0,0,0,0,0,0,0,0,0,0,316i,31514380,https://ekaterinburg.drom.ru/bmw/5-series/31514380.html,920000
11,5,2,2011,4,2018,2,184,102526,2,2,2,1,2,1,202521600,11040,1.6,0,8,6,3,13,7,4,1,0,2,0,0,0,0,0,0,0,0,0,0,0,0,0,316i,31762207,https://krasnodar.drom.ru/bmw/5-series/31762207.html,920000
11,5,1,2011,4,2018,2,136,82642,2,2,2,1,2,1,202521600,11040,1.6,0,8,6,3,13,7,4,1,0,2,0,0,0,0,0,0,0,0,0,0,0,0,0,316i,31640653,https://surgut.drom.ru/bmw/3-series/31640653.html,690000
11,5,1,2011,4,2018,2,156,82021,2,2,2,1,2,1,202521600,11040,1.6,0,8,6,3,13,7,4,1,0,2,0,0,0,0,0,0,0,0,0,0,0,0,0,316i,31571559,https://moscow.drom.ru/bmw/3-series/31571559.html,625000
11,5,1,2011,4,2018,2,136,83885,2,2,2,1,2,1,202521600,11040,1.6,0,8,6,3,13,7,4,1,0,2,0,0,0,0,0,0,0,0,0,0,0,0,0,316i,30133349,https://ekaterinburg.drom.ru/bmw/3-series/30133349.html,650000
11,5,1,2011,4,2018,2,136,91342,2,2,2,1,2,1,202521600,11040,1.6,0,8,6,3,13,7,4,1,0,2,0,0,0,0,0,0,0,0,0,0,0,0,0,316i,31538786,https://omsk.drom.ru/bmw/3-series/31538786.html,100000
11,5,1,2011,4,2018,2,156,93206,2,2,2,1,2,1,202521600,11040,1.6,0,8,6,3,13,7,4,1,0,2,0,0,0,0,0,0,0,0,0,0,0,0,0,316i,31521317,https://krasnodar.drom.ru/bmw/3-series/31521317.html,695000
11,5,1,2011,4,2018,2,156,83885,2,2,2,1,2,1,202521600,11040,1.6,0,8,6,3,13,7,4,1,0,2,0,0,0,0,0,0,0,0,0,0,0,0,0,316i,31500688,https://chelyabinsk.drom.ru/bmw/3-series/31500688.html,715000
11,5,1,2011,4,2018,2,156,104085,2,2,2,1,2,1,202521600,11040,1.6,0,8,6,3,13,7,4,1,0,2,0,0,0,0,0,0,0,0,0,0,0,0,0,316i,31382311,https://moscow.drom.ru/bmw/3-series/31382311.html,650000
11,5,1,2011,4,2018,2,136,99419,2,2,2,1,2,1,202521600,11040,1.6,0,8,6,3,13,7,4,1,0,2,0,0,0,0,0,0,0,0,0,0,0,0,0,316i,30829685,https://leninsk-kuznetskiy.drom.ru/bmw/3-series/30829685.html,200000
11,5,1,2011,4,2018,2,156,105633,2,2,2,1,2,1,202521600,11040,1.6,0,8,6,3,13,7,4,1,0,2,0,0,0,0,0,0,0,0,0,0,0,0,0,316i,31014455,https://krasnodar.drom.ru/bmw/3-series/31014455.html,750000
11,5,1,2011,4,2018,2,156,103148,2,2,2,1,2,1,202521600,11040,1.6,0,8,6,3,13,7,4,1,0,2,0,0,0,0,0,0,0,0,0,0,0,0,0,316i,28297020,https://kurganinsk.drom.ru/bmw/3-series/28297020.html,900000
11,5,1,2011,4,2018,2,245,111847,2,2,2,1,2,1,202521600,11040,1.6,0,8,6,3,13,7,4,1,0,2,0,0,0,0,0,0,0,0,0,0,0,0,0,316i,30340167,https://omsk.drom.ru/bmw/5-series/30340167.html,1000000
11,5,1,2011,4,2018,2,136,106254,2,2,2,1,2,1,202521600,11040,1.6,0,8,6,3,13,7,4,1,0,2,0,0,0,0,0,0,0,0,0,0,0,0,0,316i,30990192,https://tobolsk.drom.ru/bmw/3-series/30990192.html,538000
11,5,1,2011,4,2018,2,136,97555,2,2,2,1,2,1,202521600,11040,1.6,0,8,6,3,13,7,4,1,0,2,0,0,0,0,0,0,0,0,0,0,0,0,0,316i,30784823,https://apsheronsk.drom.ru/bmw/3-series/30784823.html,599000
11,5,2,2011,4,2018,2,184,83885,2,2,2,1,2,1,202521600,11040,1.6,0,8,6,3,13,7,4,1,0,2,0,0,0,0,0,0,0,0,0,0,0,0,0,316i,31201547,https://novorossiysk.drom.ru/bmw/5-series/31201547.html,1175000
11,5,1,2011,4,2018,2,136,88856,2,2,2,1,2,1,202521600,11040,1.6,0,8,6,3,13,7,4,1,0,2,0,0,0,0,0,0,0,0,0,0,0,0,0,316i,31127810,https://ufa.drom.ru/bmw/3-series/31127810.html,523000
11,5,1,2011,4,2018,2,156,89477,2,2,2,1,2,1,202521600,11040,1.6,0,8,6,3,13,7,4,1,0,2,0,0,0,0,0,0,0,0,0,0,0,0,0,316i,30959028,https://novosibirsk.drom.ru/bmw/3-series/30959028.html,679000
11,5,1,2011,4,2018,2,136,103148,2,2,2,1,2,1,202521600,11040,1.6,0,8,6,3,13,7,4,1,0,2,0,0,0,0,0,0,0,0,0,0,0,0,0,316i,30760599,https://vidnoe.drom.ru/bmw/3-series/30760599.html,619000
11,5,1,2011,4,2018,2,245,96326,2,2,2,1,2,1,202521600,11040,1.6,0,8,6,3,13,7,4,1,0,2,0,0,0,0,0,0,0,0,0,0,0,0,0,316i,31069649,https://novosibirsk.drom.ru/bmw/3-series/31069649.html,1200000
11,5,1,2011,4,2018,2,136,81807,2,2,2,1,2,1,202521600,11040,1.6,0,8,6,3,13,7,4,1,0,2,0,0,0,0,0,0,0,0,0,0,0,0,0,316i,30970020,https://omsk.drom.ru/bmw/3-series/30970020.html,690000
11,5,1,2011,4,2018,2,136,86992,2,2,2,1,2,1,202521600,11040,1.6,0,8,6,3,13,7,4,1,0,2,0,0,0,0,0,0,0,0,0,0,0,0,0,316i,30853203,https://krasnoyarsk.drom.ru/bmw/3-series/30853203.html,580000
11,5,1,2011,4,2018,2,184,86992,2,2,2,1,2,1,202521600,11040,1.6,0,8,6,3,13,7,4,1,0,2,0,0,0,0,0,0,0,0,0,0,0,0,0,316i,29345738,https://ekaterinburg.drom.ru/bmw/5-series/29345738.html,960000
11,5,1,2011,4,2018,2,156,91342,2,2,2,1,2,1,202521600,11040,1.6,0,8,6,3,13,7,4,1,0,2,0,0,0,0,0,0,0,0,0,0,0,0,0,316i,29650338,https://novorossiysk.drom.ru/bmw/3-series/29650338.html,765000
11,5,1,2011,4,2018,2,136,104390,2,2,2,1,2,1,202521600,11040,1.6,0,8,6,3,13,7,4,1,0,2,0,0,0,0,0,0,0,0,0,0,0,0,0,316i,27448286,https://tobolsk.drom.ru/bmw/3-series/27448286.html,700000
11,5,1,2011,4,2018,2,156,96313,2,2,2,1,2,1,202521600,11040,1.6,0,8,6,3,13,7,4,1,0,2,0,0,0,0,0,0,0,0,0,0,0,0,0,316i,30447061,https://krasnodar.drom.ru/bmw/3-series/30447061.html,709000
11,5,1,2011,4,2018,2,157,96313,2,2,2,1,2,1,202521600,11040,1.6,0,8,6,3,13,7,4,1,0,2,0,0,0,0,0,0,0,0,0,0,0,0,0,316i,30691056,https://simferopol.drom.ru/bmw/3-series/30691056.html,640000
11,5,1,2011,4,2018,2,157,97043,2,2,2,1,2,1,202521600,11040,1.6,0,8,6,3,13,7,4,1,0,2,0,0,0,0,0,0,0,0,0,0,0,0,0,316i,30760264,https://krasnodar.drom.ru/bmw/3-series/30760264.html,780000
11,5,1,2011,4,2018,2,184,86992,2,2,2,1,2,1,202521600,11040,1.6,0,8,6,3,13,7,4,1,0,2,0,0,0,0,0,0,0,0,0,0,0,0,0,316i,30618394,https://perm.drom.ru/bmw/5-series/30618394.html,755000
11,5,1,2011,4,2018,2,156,93206,2,2,2,1,2,1,202521600,11040,1.6,0,8,6,3,13,7,4,1,0,2,0,0,0,0,0,0,0,0,0,0,0,0,0,316i,25186770,https://surgut.drom.ru/bmw/3-series/25186770.html,650000
11,5,1,2011,4,2018,2,184,86992,2,2,2,1,2,1,202521600,11040,1.6,0,8,6,3,13,7,4,1,0,2,0,0,0,0,0,0,0,0,0,0,0,0,0,316i,29435061,https://krasnodar.drom.ru/bmw/5-series/29435061.html,1150000
11,5,1,2011,4,2018,2,156,96313,2,2,2,1,2,1,202521600,11040,1.6,0,8,6,3,13,7,4,1,0,2,0,0,0,0,0,0,0,0,0,0,0,0,0,316i,28516940,https://simferopol.drom.ru/bmw/3-series/28516940.html,715000
11,5,1,2011,4,2018,2,184,83885,2,2,2,1,2,1,202521600,11040,1.6,0,8,6,3,13,7,4,1,0,2,0,0,0,0,0,0,0,0,0,0,0,0,0,316i,30377517,https://perm.drom.ru/bmw/5-series/30377517.html,795000
11,5,1,2011,4,2018,2,156,86992,2,2,2,1,2,1,202521600,11040,1.6,0,8,6,3,13,7,4,1,0,2,0,0,0,0,0,0,0,0,0,0,0,0,0,316i,27911449,https://simferopol.drom.ru/bmw/3-series/27911449.html,720000
11,5,1,2011,4,2018,2,136,96934,2,2,2,1,2,1,202521600,11040,1.6,0,8,6,3,13,7,4,1,0,2,0,0,0,0,0,0,0,0,0,0,0,0,0,316i,30257988,https://krasnodar.drom.ru/bmw/3-series/30257988.html,580000
11,5,1,2011,4,2018,2,245,82021,2,2,2,1,2,1,202521600,11040,1.6,0,8,6,3,13,7,4,1,0,2,0,0,0,0,0,0,0,0,0,0,0,0,0,316i,30246620,https://spb.drom.ru/bmw/5-series/30246620.html,950000
11,5,1,2011,4,2018,2,184,83885,2,2,2,1,2,1,202521600,11040,1.6,0,8,6,3,13,7,4,1,0,2,0,0,0,0,0,0,0,0,0,0,0,0,0,316i,29966088,https://perm.drom.ru/bmw/5-series/29966088.html,820000
11,5,1,2011,4,2018,2,136,90099,2,2,2,1,2,1,202521600,11040,1.6,0,8,6,3,13,7,4,1,0,2,0,0,0,0,0,0,0,0,0,0,0,0,0,316i,28188281,https://simferopol.drom.ru/bmw/3-series/28188281.html,649000
11,5,1,2011,4,2018,2,136,89477,2,2,2,1,2,1,202521600,11040,1.6,0,8,6,3,13,7,4,1,0,2,0,0,0,0,0,0,0,0,0,0,0,0,0,316i,29276850,https://krasnodar.drom.ru/bmw/3-series/29276850.html,650000
11,5,1,2011,4,2018,2,136,90720,2,2,2,1,2,1,202521600,11040,1.6,0,8,6,3,13,7,4,1,0,2,0,0,0,0,0,0,0,0,0,0,0,0,0,316i,29376179,https://novorossiysk.drom.ru/bmw/3-series/29376179.html,645000
11,5,1,2011,4,2018,2,136,84506,2,2,2,1,2,1,202521600,11040,1.6,0,8,6,3,13,7,4,1,0,2,0,0,0,0,0,0,0,0,0,0,0,0,0,316i,30032402,https://moscow.drom.ru/bmw/3-series/30032402.html,639000
11,5,1,2011,4,2018,2,156,93206,2,2,2,1,2,1,202521600,11040,1.6,0,8,6,3,13,7,4,1,0,2,0,0,0,0,0,0,0,0,0,0,0,0,0,316i,29996898,https://simferopol.drom.ru/bmw/3-series/29996898.html,780000
11,5,1,2011,4,2018,2,136,86681,2,2,2,1,2,1,202521600,11040,1.6,0,8,6,3,13,7,4,1,0,2,0,0,0,0,0,0,0,0,0,0,0,0,0,316i,29465532,https://ekaterinburg.drom.ru/bmw/3-series/29465532.html,600000
11,5,1,2011,4,2018,2,136,83885,2,2,2,1,2,1,202521600,11040,1.6,0,8,6,3,13,7,4,1,0,2,0,0,0,0,0,0,0,0,0,0,0,0,0,316i,29861513,https://krasnoyarsk.drom.ru/bmw/3-series/29861513.html,650000
11,5,2,2011,4,2018,2,184,111225,2,2,2,1,2,1,202521600,11040,1.6,0,8,6,3,13,7,4,1,0,2,0,0,0,0,0,0,0,0,0,0,0,0,0,316i,29803749,https://moscow.drom.ru/bmw/5-series/29803749.html,900000
11,5,1,2011,4,2018,2,157,99419,2,2,2,1,2,1,202521600,11040,1.6,0,8,6,3,13,7,4,1,0,2,0,0,0,0,0,0,0,0,0,0,0,0,0,316i,28256826,https://chelyabinsk.drom.ru/bmw/3-series/28256826.html,760000
11,5,1,2011,4,2018,2,156,102526,2,2,2,1,2,1,202521600,11040,1.6,0,8,6,3,13,7,4,1,0,2,0,0,0,0,0,0,0,0,0,0,0,0,0,316i,26805156,https://kurgan.drom.ru/bmw/3-series/26805156.html,700000
11,5,1,2011,4,2018,2,245,102526,2,2,2,1,2,1,202521600,11040,1.6,0,8,6,3,13,7,4,1,0,2,0,0,0,0,0,0,0,0,0,0,0,0,0,316i,28164473,https://kemerovo.drom.ru/bmw/5-series/28164473.html,1000000
11,5,1,2011,4,2018,2,156,86992,2,2,2,1,2,1,202521600,11040,1.6,0,8,6,3,13,7,4,1,0,2,0,0,0,0,0,0,0,0,0,0,0,0,0,316i,29646341,https://chelyabinsk.drom.ru/bmw/3-series/29646341.html,655000
11,5,1,2011,4,2018,2,136,111225,2,2,2,1,2,1,202521600,11040,1.6,0,8,6,3,13,7,4,1,0,2,0,0,0,0,0,0,0,0,0,0,0,0,0,316i,29519010,https://meget.drom.ru/bmw/3-series/29519010.html,775000
11,5,1,2011,4,2018,2,136,105633,2,2,2,1,2,1,202521600,11040,1.6,0,8,6,3,13,7,4,1,0,2,0,0,0,0,0,0,0,0,0,0,0,0,0,316i,28990619,https://magnitogorsk.drom.ru/bmw/3-series/28990619.html,550000
11,5,1,2011,4,2018,2,157,83885,2,2,2,1,2,1,202521600,11040,1.6,0,8,6,3,13,7,4,1,0,2,0,0,0,0,0,0,0,0,0,0,0,0,0,316i,28711550,https://simferopol.drom.ru/bmw/3-series/28711550.html,750000
11,5,2,2011,4,2018,2,184,82642,2,2,2,1,2,1,202521600,11040,1.6,0,8,6,3,13,7,4,1,0,2,0,0,0,0,0,0,0,0,0,0,0,0,0,316i,29002575,https://stavropol.drom.ru/bmw/5-series/29002575.html,1050000
11,5,1,2011,4,2018,2,156,84009,2,2,2,1,2,1,202521600,11040,1.6,0,8,6,3,13,7,4,1,0,2,0,0,0,0,0,0,0,0,0,0,0,0,0,316i,28717498,https://krymsk.drom.ru/bmw/3-series/28717498.html,750000
11,5,1,2011,4,2018,2,184,93206,2,2,2,1,2,1,202521600,11040,1.6,0,8,6,3,13,7,4,1,0,2,0,0,0,0,0,0,0,0,0,0,0,0,0,316i,28556839,https://krasnodar.drom.ru/bmw/5-series/28556839.html,1000000
11,5,1,2011,4,2018,2,136,91963,2,2,2,1,2,1,202521600,11040,1.6,0,8,6,3,13,7,4,1,0,2,0,0,0,0,0,0,0,0,0,0,0,0,0,316i,28542202,https://novosibirsk.drom.ru/bmw/3-series/28542202.html,650000
11,5,1,2011,4,2018,2,136,101905,2,2,2,1,2,1,202521600,11040,1.6,0,8,6,3,13,7,4,1,0,2,0,0,0,0,0,0,0,0,0,0,0,0,0,316i,26955406,https://tomsk.drom.ru/bmw/3-series/26955406.html,750000
11,5,1,2011,4,2018,2,136,84506,2,2,2,1,2,1,202521600,11040,1.6,0,8,6,3,13,7,4,1,0,2,0,0,0,0,0,0,0,0,0,0,0,0,0,316i,28655451,https://abinsk.drom.ru/bmw/3-series/28655451.html,799999
11,5,1,2011,4,2018,2,156,103769,2,2,2,1,2,1,202521600,11040,1.6,0,8,6,3,13,7,4,1,0,2,0,0,0,0,0,0,0,0,0,0,0,0,0,316i,28711240,https://kropotkin.drom.ru/bmw/3-series/28711240.html,949000
11,5,1,2011,4,2018,2,157,84404,2,2,2,1,2,1,202521600,11040,1.6,0,8,6,3,13,7,4,1,0,2,0,0,0,0,0,0,0,0,0,0,0,0,0,316i,26305860,https://yalta.drom.ru/bmw/3-series/26305860.html,700000
11,5,1,2011,4,2018,2,136,107497,2,2,2,1,2,1,202521600,11040,1.6,0,8,6,3,13,7,4,1,0,2,0,0,0,0,0,0,0,0,0,0,0,0,0,316i,27132234,https://novosibirsk.drom.ru/bmw/3-series/27132234.html,770000
11,5,1,2011,4,2017,2,157,97555,2,2,2,1,2,1,202521600,11040,1.6,0,8,6,3,13,7,4,1,0,2,0,0,0,0,0,0,0,0,0,0,0,0,0,316i,27395894,https://chelyabinsk.drom.ru/bmw/3-series/27395894.html,720000
11,5,1,2011,4,2017,2,156,83388,2,2,2,1,2,1,202521600,11040,1.6,0,8,6,3,13,7,4,1,0,2,0,0,0,0,0,0,0,0,0,0,0,0,0,316i,27340894,https://krymsk.drom.ru/bmw/3-series/27340894.html,750000
11,5,2,2011,4,2017,2,184,90099,2,2,2,1,2,1,202521600,11040,1.6,0,8,6,3,13,7,4,1,0,2,0,0,0,0,0,0,0,0,0,0,0,0,0,316i,28133578,https://taganrog.drom.ru/bmw/5-series/28133578.html,1115000
11,5,1,2011,4,2017,2,136,96313,2,2,2,1,2,1,202521600,11040,1.6,0,8,6,3,13,7,4,1,0,2,0,0,0,0,0,0,0,0,0,0,0,0,0,316i,27495575,https://magnitogorsk.drom.ru/bmw/3-series/27495575.html,640000
11,5,1,2011,4,2017,2,136,91963,2,2,2,1,2,1,202521600,11040,1.6,0,8,6,3,13,7,4,1,0,2,0,0,0,0,0,0,0,0,0,0,0,0,0,316i,28058668,https://chelyabinsk.drom.ru/bmw/3-series/28058668.html,677000
11,5,1,2011,4,2017,2,156,102526,2,2,2,1,2,1,202521600,11040,1.6,0,8,6,3,13,7,4,1,0,2,0,0,0,0,0,0,0,0,0,0,0,0,0,316i,28022440,https://magnitogorsk.drom.ru/bmw/3-series/28022440.html,830000
11,5,1,2011,4,2017,2,136,82642,2,2,2,1,2,1,202521600,11040,1.6,0,8,6,3,13,7,4,1,0,2,0,0,0,0,0,0,0,0,0,0,0,0,0,316i,27911821,https://aksay.drom.ru/bmw/3-series/27911821.html,650000
11,5,1,2011,4,2017,2,156,86992,2,2,2,1,2,1,202521600,11040,1.6,0,8,6,3,13,7,4,1,0,2,0,0,0,0,0,0,0,0,0,0,0,0,0,316i,27350880,https://krasnodar.drom.ru/bmw/3-series/27350880.html,710000
11,5,1,2011,4,2017,2,156,110604,2,2,2,1,2,1,202521600,11040,1.6,0,8,6,3,13,7,4,1,0,2,0,0,0,0,0,0,0,0,0,0,0,0,0,316i,27729899,https://miass.drom.ru/bmw/3-series/27729899.html,770000
11,5,1,2011,4,2017,2,136,90720,2,2,2,1,2,1,202521600,11040,1.6,0,8,6,3,13,7,4,1,0,2,0,0,0,0,0,0,0,0,0,0,0,0,0,316i,27267089,https://novosibirsk.drom.ru/bmw/3-series/27267089.html,650000
11,5,1,2011,4,2017,2,136,86060,2,2,2,1,2,1,202521600,11040,1.6,0,8,6,3,13,7,4,1,0,2,0,0,0,0,0,0,0,0,0,0,0,0,0,316i,27067037,https://krasnodar.drom.ru/bmw/3-series/27067037.html,760000
11,5,1,2011,4,2017,2,136,91342,2,2,2,1,2,1,202521600,11040,1.6,0,8,6,3,13,7,4,1,0,2,0,0,0,0,0,0,0,0,0,0,0,0,0,316i,26754219,https://moscow.drom.ru/bmw/3-series/26754219.html,615000
11,5,1,2011,4,2017,2,136,102526,2,2,2,1,2,1,202521600,11040,1.6,0,8,6,3,13,7,4,1,0,2,0,0,0,0,0,0,0,0,0,0,0,0,0,316i,26716243,https://novosibirsk.drom.ru/bmw/3-series/26716243.html,800000
11,5,1,2011,4,2017,2,136,84506,2,2,2,1,2,1,202521600,11040,1.6,0,8,6,3,13,7,4,1,0,2,0,0,0,0,0,0,0,0,0,0,0,0,0,316i,25777901,https://ekaterinburg.drom.ru/bmw/3-series/25777901.html,695000
11,5,1,2011,4,2017,2,136,103893,2,2,2,1,2,1,202521600,11040,1.6,0,8,6,3,13,7,4,1,0,2,0,0,0,0,0,0,0,0,0,0,0,0,0,316i,26300341,https://spb.drom.ru/bmw/3-series/26300341.html,755000
11,5,1,2011,4,2017,2,100,105633,2,2,2,1,2,1,202521600,11040,1.6,0,8,6,3,13,7,4,1,0,2,0,0,0,0,0,0,0,0,0,0,0,0,0,316i,26576485,https://ekaterinburg.drom.ru/bmw/3-series/26576485.html,299999
11,5,1,2011,4,2017,2,136,102526,2,2,2,1,2,1,202521600,11040,1.6,0,8,6,3,13,7,4,1,0,2,0,0,0,0,0,0,0,0,0,0,0,0,0,316i,26548881,https://moscow.drom.ru/bmw/3-series/26548881.html,600000
11,5,0,2011,4,2017,2,157,85749,2,2,2,1,2,1,202521600,11040,1.6,0,8,6,3,13,7,4,1,0,2,0,0,0,0,0,0,0,0,0,0,0,0,0,316i,25806587,https://tyumen.drom.ru/bmw/3-series/25806587.html,720000
11,5,1,2011,4,2017,2,136,93206,2,2,2,1,2,1,202521600,11040,1.6,0,8,6,3,13,7,4,1,0,2,0,0,0,0,0,0,0,0,0,0,0,0,0,316i,22076115,https://irkutsk.drom.ru/bmw/3-series/22076115.html,850000
11,5,1,2011,4,2017,2,184,83885,2,2,2,1,2,1,202521600,11040,1.6,0,8,6,3,13,7,4,1,0,2,0,0,0,0,0,0,0,0,0,0,0,0,0,316i,26227046,https://moscow.drom.ru/bmw/5-series/26227046.html,950000
11,5,1,2011,4,2017,2,245,82021,2,2,2,1,2,1,202521600,11040,1.6,0,8,6,3,13,7,4,1,0,2,0,0,0,0,0,0,0,0,0,0,0,0,0,316i,26215046,https://moscow.drom.ru/bmw/5-series/26215046.html,1070000
11,5,1,2011,4,2017,2,146,93206,2,2,2,1,2,1,202521600,11040,1.6,0,8,6,3,13,7,4,1,0,2,0,0,0,0,0,0,0,0,0,0,0,0,0,316i,26142401,https://gelendzhik.drom.ru/bmw/3-series/26142401.html,750000
11,5,1,2011,4,2017,2,136,86371,2,2,2,1,2,1,202521600,11040,1.6,0,8,6,3,13,7,4,1,0,2,0,0,0,0,0,0,0,0,0,0,0,0,0,316i,25899417,https://sterlitamak.drom.ru/bmw/3-series/25899417.html,610000
11,5,1,2011,4,2017,2,136,82642,2,2,2,1,2,1,202521600,11040,1.6,0,8,6,3,13,7,4,1,0,2,0,0,0,0,0,0,0,0,0,0,0,0,0,316i,24871455,https://ekaterinburg.drom.ru/bmw/3-series/24871455.html,725000
11,5,1,2011,4,2017,2,136,81400,2,2,2,1,2,1,202521600,11040,1.6,0,8,6,3,13,7,4,1,0,2,0,0,0,0,0,0,0,0,0,0,0,0,0,316i,25516524,https://moscow.drom.ru/bmw/3-series/25516524.html,687000
11,5,1,2011,4,2017,2,136,83885,2,2,2,1,2,1,202521600,11040,1.6,0,8,6,3,13,7,4,1,0,2,0,0,0,0,0,0,0,0,0,0,0,0,0,316i,24432553,https://ekaterinburg.drom.ru/bmw/3-series/24432553.html,678000
11,5,1,2011,4,2017,2,136,99419,2,2,2,1,2,1,202521600,11040,1.6,0,8,6,3,13,7,4,1,0,2,0,0,0,0,0,0,0,0,0,0,0,0,0,316i,24931238,https://pyatigorsk.drom.ru/bmw/3-series/24931238.html,710000
11,5,2,2011,4,2017,2,184,89477,2,2,2,1,2,1,202521600,11040,1.6,0,8,6,3,13,7,4,1,0,2,0,0,0,0,0,0,0,0,0,0,0,0,0,316i,24498181,https://stariy-krym.drom.ru/bmw/5-series/24498181.html,1070000
11,5,1,2011,4,2017,2,140,94448,2,2,2,1,2,1,202521600,11040,1.6,0,8,6,3,13,7,4,1,0,2,0,0,0,0,0,0,0,0,0,0,0,0,0,316i,24697126,https://novosibirsk.drom.ru/bmw/3-series/24697126.html,845000
11,5,1,2011,4,2017,2,136,93206,2,2,2,1,2,1,202521600,11040,1.6,0,8,6,3,13,7,4,1,0,2,0,0,0,0,0,0,0,0,0,0,0,0,0,316i,24366021,https://tobolsk.drom.ru/bmw/3-series/24366021.html,700000
11,5,1,2011,4,2017,2,136,99419,2,2,2,1,2,1,202521600,11040,1.6,0,8,6,3,13,7,4,1,0,2,0,0,0,0,0,0,0,0,0,0,0,0,0,316i,24792753,https://tyumen.drom.ru/bmw/3-series/24792753.html,600000
11,5,2,2011,4,2016,2,184,86992,2,2,2,1,2,1,202521600,11040,1.6,0,8,6,3,13,7,4,1,0,2,0,0,0,0,0,0,0,0,0,0,0,0,0,316i,24433627,https://spb.drom.ru/bmw/5-series/24433627.html,999000
11,5,1,2011,4,2016,2,136,105633,2,2,2,1,2,1,202521600,11040,1.6,0,8,6,3,13,7,4,1,0,2,0,0,0,0,0,0,0,0,0,0,0,0,0,316i,23205364,https://novorossiysk.drom.ru/bmw/3-series/23205364.html,720000
11,5,1,2011,4,2016,2,136,93206,2,2,2,1,2,1,202521600,11040,1.6,0,8,6,3,13,7,4,1,0,2,0,0,0,0,0,0,0,0,0,0,0,0,0,316i,24165669,https://tobolsk.drom.ru/bmw/3-series/24165669.html,900000
11,5,2,2011,4,2016,2,184,96934,2,2,2,1,2,1,202521600,11040,1.6,0,8,6,3,13,7,4,1,0,2,0,0,0,0,0,0,0,0,0,0,0,0,0,316i,24104369,https://krasnodar.drom.ru/bmw/5-series/24104369.html,1199000
11,5,1,2011,4,2016,2,184,92584,2,2,2,1,2,1,202521600,11040,1.6,0,8,6,3,13,7,4,1,0,2,0,0,0,0,0,0,0,0,0,0,0,0,0,316i,24079462,https://simferopol.drom.ru/bmw/5-series/24079462.html,1200000
11,5,1,2011,4,2016,2,136,85128,2,2,2,1,2,1,202521600,11040,1.6,0,8,6,3,13,7,4,1,0,2,0,0,0,0,0,0,0,0,0,0,0,0,0,316i,23335743,https://krasnodar.drom.ru/bmw/3-series/23335743.html,730000
11,5,1,2011,4,2016,2,156,86992,2,2,2,1,2,1,202521600,11040,1.6,0,8,6,3,13,7,4,1,0,2,0,0,0,0,0,0,0,0,0,0,0,0,0,316i,22780184,https://chelyabinsk.drom.ru/bmw/3-series/22780184.html,875000
11,5,1,2011,4,2016,2,136,85749,2,2,2,1,2,1,202521600,11040,1.6,0,8,6,3,13,7,4,1,0,2,0,0,0,0,0,0,0,0,0,0,0,0,0,316i,22604249,https://ufa.drom.ru/bmw/3-series/22604249.html,693000
11,5,1,2011,4,2016,2,136,85128,2,2,2,1,2,1,202521600,11040,1.6,0,8,6,3,13,7,4,1,0,2,0,0,0,0,0,0,0,0,0,0,0,0,0,316i,21939014,https://chelyabinsk.drom.ru/bmw/3-series/21939014.html,697000
11,5,2,2011,4,2016,2,184,105633,2,2,2,1,2,1,202521600,11040,1.6,0,8,6,3,13,7,4,1,0,2,0,0,0,0,0,0,0,0,0,0,0,0,0,316i,21354518,https://dzhankoy.drom.ru/bmw/5-series/21354518.html,1300000
11,5,1,2011,4,2016,2,156,96313,2,2,2,1,2,1,202521600,11040,1.6,0,8,6,3,13,7,4,1,0,2,0,0,0,0,0,0,0,0,0,0,0,0,0,316i,21273666,https://ekaterinburg.drom.ru/bmw/3-series/21273666.html,890000
11,5,2,2011,4,2016,2,184,81400,2,2,2,1,2,1,202521600,11040,1.6,0,8,6,3,13,7,4,1,0,2,0,0,0,0,0,0,0,0,0,0,0,0,0,316i,20876034,https://simferopol.drom.ru/bmw/5-series/20876034.html,1200000
11,5,1,2011,4,2015,2,245,96313,2,2,2,1,2,1,202521600,11040,1.6,0,8,6,3,13,7,4,1,0,2,0,0,0,0,0,0,0,0,0,0,0,0,0,316i,20164094,https://astrahan.drom.ru/bmw/5-series/20164094.html,1399000
11,5,1,2011,4,2015,2,157,81400,2,2,2,1,2,1,202521600,11040,1.6,0,8,6,3,13,7,4,1,0,2,0,0,0,0,0,0,0,0,0,0,0,0,0,316i,19500664,https://sochi.drom.ru/bmw/3-series/19500664.html,780000
11,5,1,2011,4,2015,2,156,105633,2,2,2,1,2,1,202521600,11040,1.6,0,8,6,3,13,7,4,1,0,2,0,0,0,0,0,0,0,0,0,0,0,0,0,316i,19414094,https://moscow.drom.ru/bmw/3-series/19414094.html,750000
11,5,1,2011,4,2015,2,136,99419,2,2,2,1,2,1,202521600,11040,1.6,0,8,6,3,13,7,4,1,0,2,0,0,0,0,0,0,0,0,0,0,0,0,0,316i,18098248,https://omsk.drom.ru/bmw/3-series/18098248.html,940000
