brand,color,fuelType,modelDate,numberOfDoors,productionDate,vehicleTransmission,enginePower,mileage,Привод,Руль,Состояние,Владельцы,ПТС,Таможня,Владение,id,motor,внедорожник,Безопасность,Салон,Мультимедиа,Комфорт,Обзор,Защита от угона,седан,хэтчбек,Элементы экстерьера,Прочее,лифтбек,купе,пикап,минивэн,компактвэн,универсал,родстер,кабриолет,фургон,микровэн,тарга,лимузин,model,car_id,url,price
9,2,1,2005,4,2020,2,215,285000,1,1,2,0,2,1,0,21837,3.5,0,0,0,0,0,0,0,1,0,0,0,0,0,0,0,0,0,0,0,0,0,0,0,,19754854,https://blagoveshchensk.drom.ru/honda/inspire/19754854.html,460000
9,2,1,2004,4,2020,2,300,93206,1,1,2,0,2,1,0,21837,3.5,0,0,0,0,0,0,0,1,0,0,0,0,0,0,0,0,0,0,0,0,0,0,0,,37979823,https://irkutsk.drom.ru/honda/legend/37979823.html,670000
9,2,1,2005,4,2020,2,250,128624,1,1,2,0,2,1,0,21837,3.5,0,0,0,0,0,0,0,1,0,0,0,0,0,0,0,0,0,0,0,0,0,0,0,,37453621,https://svobodniy.drom.ru/honda/inspire/37453621.html,380000
9,2,1,2005,4,2020,2,250,285000,1,1,2,0,2,1,0,21837,3.5,0,0,0,0,0,0,0,1,0,0,0,0,0,0,0,0,0,0,0,0,0,0,0,,37809841,https://elizovo.drom.ru/honda/inspire/37809841.html,150000
9,2,1,2003,4,2020,2,250,100724,1,1,2,0,2,1,0,21837,3.5,0,0,0,0,0,0,0,1,0,0,0,0,0,0,0,0,0,0,0,0,0,0,0,,37591076,https://yakutsk.drom.ru/honda/inspire/37591076.html,435000
9,2,1,2003,4,2020,2,250,285000,1,1,2,0,2,1,0,21837,3.5,0,0,0,0,0,0,0,1,0,0,0,0,0,0,0,0,0,0,0,0,0,0,0,,35910822,https://ulan-ude.drom.ru/honda/inspire/35910822.html,380000
9,2,1,2003,4,2020,2,250,155343,1,1,2,0,2,1,0,21837,3.5,0,0,0,0,0,0,0,1,0,0,0,0,0,0,0,0,0,0,0,0,0,0,0,,32703647,https://kyzyl.drom.ru/honda/inspire/32703647.html,430000
9,2,1,2003,4,2020,2,250,161557,1,1,2,0,2,1,0,21837,3.5,0,0,0,0,0,0,0,1,0,0,0,0,0,0,0,0,0,0,0,0,0,0,0,,37469650,https://iskitim.drom.ru/honda/inspire/37469650.html,450000
9,2,1,2006,4,2020,2,295,65244,0,2,2,3,2,1,22636800,21837,3.5,0,0,0,0,0,0,0,1,0,0,0,0,0,0,0,0,0,0,0,0,0,0,0,,37455754,https://tyumen.drom.ru/honda/legend/37455754.html,490000
9,2,1,2003,4,2020,2,250,74565,1,1,2,0,2,1,0,21837,3.5,0,0,0,0,0,0,0,1,0,0,0,0,0,0,0,0,0,0,0,0,0,0,0,,37884954,https://ekaterinoslavka.drom.ru/honda/inspire/37884954.html,350000
9,2,1,2006,4,2020,2,295,285000,0,2,2,3,2,1,86227200,21837,3.5,0,0,0,0,0,0,0,1,0,0,0,0,0,0,0,0,0,0,0,0,0,0,0,,37519476,https://habarovsk.drom.ru/honda/legend/37519476.html,600000
9,2,1,2003,4,2020,2,250,138094,1,1,2,0,2,1,0,21837,3.5,0,0,0,0,0,0,0,1,0,0,0,0,0,0,0,0,0,0,0,0,0,0,0,,34828418,https://novosibirsk.drom.ru/honda/inspire/34828418.html,470000
9,2,1,2006,4,2020,2,295,93206,0,2,2,3,2,1,34905600,21837,3.5,0,0,0,0,0,0,0,1,0,0,0,0,0,0,0,0,0,0,0,0,0,0,0,,36957985,https://krasnoyarsk.drom.ru/honda/legend/36957985.html,600000
9,2,1,2005,4,2020,2,250,180198,1,1,2,0,2,1,0,21837,3.5,0,0,0,0,0,0,0,1,0,0,0,0,0,0,0,0,0,0,0,0,0,0,0,,37744340,https://usoliye-sibirskoe.drom.ru/honda/inspire/37744340.html,490000
9,2,1,2002,4,2020,2,260,75186,1,1,2,0,2,1,0,21837,3.5,0,0,0,0,0,0,0,1,0,0,0,0,0,0,0,0,0,0,0,0,0,0,0,,37481026,https://ussuriisk.drom.ru/honda/saber/37481026.html,310000
9,2,1,2002,4,2020,2,208,285000,1,2,2,3,2,1,24451200,21837,3.5,0,0,0,0,0,0,0,1,0,0,0,0,0,0,0,0,0,0,0,0,0,0,0,,37854850,https://omsk.drom.ru/honda/legend/37854850.html,250000
9,2,1,2003,4,2020,2,250,111847,1,1,2,0,2,1,0,21837,3.5,0,0,0,0,0,0,0,1,0,0,0,0,0,0,0,0,0,0,0,0,0,0,0,,37844424,https://chelyabinsk.drom.ru/honda/inspire/37844424.html,440000
9,2,1,2002,4,2020,2,215,93206,1,1,2,0,2,1,0,21837,3.5,0,0,0,0,0,0,0,1,0,0,0,0,0,0,0,0,0,0,0,0,0,0,0,,37831657,https://tynda.drom.ru/honda/legend/37831657.html,255000
9,2,1,2003,4,2020,2,260,124274,1,1,2,0,2,1,0,21837,3.5,0,0,0,0,0,0,0,1,0,0,0,0,0,0,0,0,0,0,0,0,0,0,0,,37810341,https://krasnoyarsk.drom.ru/honda/inspire/37810341.html,375000
9,2,1,2002,4,2020,2,215,285000,1,1,2,0,2,1,0,21837,3.5,0,0,0,0,0,0,0,1,0,0,0,0,0,0,0,0,0,0,0,0,0,0,0,,37761062,https://aldan.drom.ru/honda/legend/37761062.html,200000
9,2,1,2005,4,2020,2,300,285000,0,1,2,0,2,1,0,21837,3.5,0,0,0,0,0,0,0,1,0,0,0,0,0,0,0,0,0,0,0,0,0,0,0,,37803699,https://hilok.drom.ru/honda/legend/37803699.html,230000
9,2,1,2003,4,2020,2,250,149129,1,1,2,0,2,1,0,21837,3.5,0,0,0,0,0,0,0,1,0,0,0,0,0,0,0,0,0,0,0,0,0,0,0,,36172250,https://chita.drom.ru/honda/inspire/36172250.html,460000
9,2,1,2003,4,2020,2,250,127381,1,1,2,0,2,1,0,21837,3.5,0,0,0,0,0,0,0,1,0,0,0,0,0,0,0,0,0,0,0,0,0,0,0,,37784906,https://novosibirsk.drom.ru/honda/inspire/37784906.html,520000
9,2,1,2003,4,2020,2,250,285000,1,1,2,0,2,1,0,21837,3.5,0,0,0,0,0,0,0,1,0,0,0,0,0,0,0,0,0,0,0,0,0,0,0,,35310043,https://vladivostok.drom.ru/honda/inspire/35310043.html,225000
9,2,1,2004,4,2020,2,250,159229,1,1,2,0,2,1,0,21837,3.5,0,0,0,0,0,0,0,1,0,0,0,0,0,0,0,0,0,0,0,0,0,0,0,,37745882,https://novosibirsk.drom.ru/honda/inspire/37745882.html,520000
9,2,1,2002,4,2020,2,260,177091,1,1,2,0,2,1,0,21837,3.5,0,0,0,0,0,0,0,1,0,0,0,0,0,0,0,0,0,0,0,0,0,0,0,,37442394,https://vladivostok.drom.ru/honda/saber/37442394.html,310000
9,2,1,2004,4,2020,2,250,285000,1,1,2,0,2,1,0,21837,3.5,0,0,0,0,0,0,0,1,0,0,0,0,0,0,0,0,0,0,0,0,0,0,0,,37705908,https://blagoveshchensk.drom.ru/honda/inspire/37705908.html,300000
9,2,1,2003,4,2020,2,250,132973,1,1,2,0,2,1,0,21837,3.5,0,0,0,0,0,0,0,1,0,0,0,0,0,0,0,0,0,0,0,0,0,0,0,,37127336,https://chita.drom.ru/honda/inspire/37127336.html,450000
9,2,1,2003,4,2020,2,250,119925,1,1,2,0,2,1,0,21837,3.5,0,0,0,0,0,0,0,1,0,0,0,0,0,0,0,0,0,0,0,0,0,0,0,,37203944,https://komsomolsk.drom.ru/honda/inspire/37203944.html,380000
9,2,1,2006,4,2020,2,295,100041,0,1,2,0,2,1,0,21837,3.5,0,0,0,0,0,0,0,1,0,0,0,0,0,0,0,0,0,0,0,0,0,0,0,,37655593,https://almetievsk.drom.ru/honda/legend/37655593.html,340000
9,2,1,2006,4,2020,2,295,285000,0,2,2,3,2,1,54259200,21837,3.5,0,0,0,0,0,0,0,1,0,0,0,0,0,0,0,0,0,0,0,0,0,0,0,,37651897,https://polysaevo.drom.ru/honda/legend/37651897.html,630000
9,2,1,2003,4,2020,2,250,285000,1,1,2,0,2,1,0,21837,3.5,0,0,0,0,0,0,0,1,0,0,0,0,0,0,0,0,0,0,0,0,0,0,0,,36595162,https://ussuriisk.drom.ru/honda/inspire/36595162.html,415000
9,2,1,2004,4,2020,2,300,285000,0,1,2,0,2,1,0,21837,3.5,0,0,0,0,0,0,0,1,0,0,0,0,0,0,0,0,0,0,0,0,0,0,0,,36815948,https://tomsk.drom.ru/honda/legend/36815948.html,345000
9,2,1,2002,4,2020,2,225,121167,1,1,2,0,2,1,0,21837,3.5,0,0,0,0,0,0,0,1,0,0,0,0,0,0,0,0,0,0,0,0,0,0,0,,37621434,https://barnaul.drom.ru/honda/inspire/37621434.html,349900
9,2,1,2005,4,2020,2,250,285000,1,1,2,0,2,1,0,21837,3.5,0,0,0,0,0,0,0,1,0,0,0,0,0,0,0,0,0,0,0,0,0,0,0,,37561916,https://cheremhovo.drom.ru/honda/inspire/37561916.html,380000
9,2,1,2005,4,2020,2,300,93206,0,1,2,0,2,1,0,21837,3.5,0,0,0,0,0,0,0,1,0,0,0,0,0,0,0,0,0,0,0,0,0,0,0,,37392799,https://krasnoyarsk.drom.ru/honda/legend/37392799.html,300000
9,2,1,2006,4,2020,2,250,54059,1,1,2,0,2,1,0,21837,3.5,0,0,0,0,0,0,0,1,0,0,0,0,0,0,0,0,0,0,0,0,0,0,0,,34684086,https://vladivostok.drom.ru/honda/inspire/34684086.html,225000
9,2,1,2003,4,2020,2,250,195732,1,1,2,0,2,1,0,21837,3.5,0,0,0,0,0,0,0,1,0,0,0,0,0,0,0,0,0,0,0,0,0,0,0,,36121235,https://irkutsk.drom.ru/honda/inspire/36121235.html,700000
9,2,1,2005,4,2020,2,300,68351,0,1,2,0,2,1,0,21837,3.5,0,0,0,0,0,0,0,1,0,0,0,0,0,0,0,0,0,0,0,0,0,0,0,,37589957,https://novosibirsk.drom.ru/honda/legend/37589957.html,615000
9,2,1,2003,4,2020,2,250,285000,1,1,2,0,2,1,0,21837,3.5,0,0,0,0,0,0,0,1,0,0,0,0,0,0,0,0,0,0,0,0,0,0,0,,37520691,https://markova.drom.ru/honda/inspire/37520691.html,455000
9,2,1,2006,4,2020,2,295,141051,0,2,2,3,2,1,19180800,21837,3.5,0,0,0,0,0,0,0,1,0,0,0,0,0,0,0,0,0,0,0,0,0,0,0,,37439160,https://tyumen.drom.ru/honda/legend/37439160.html,550000
9,2,1,2006,4,2020,2,295,285000,0,2,2,3,2,1,56073600,21837,3.5,0,0,0,0,0,0,0,1,0,0,0,0,0,0,0,0,0,0,0,0,0,0,0,,36808993,https://vladivostok.drom.ru/honda/legend/36808993.html,650000
9,2,1,2006,4,2020,2,300,285000,0,1,2,0,2,1,0,21837,3.5,0,0,0,0,0,0,0,1,0,0,0,0,0,0,0,0,0,0,0,0,0,0,0,,37550236,https://habarovsk.drom.ru/honda/legend/37550236.html,225000
9,2,1,2003,4,2020,2,250,114954,1,1,2,0,2,1,0,21837,3.5,0,0,0,0,0,0,0,1,0,0,0,0,0,0,0,0,0,0,0,0,0,0,0,,34862086,https://komsomolsk.drom.ru/honda/inspire/34862086.html,380000
9,2,1,2006,4,2020,2,295,285000,0,2,2,0,2,1,0,21837,3.5,0,0,0,0,0,0,0,1,0,0,0,0,0,0,0,0,0,0,0,0,0,0,0,,37520574,https://tomsk.drom.ru/honda/legend/37520574.html,765000
9,2,1,2006,4,2020,2,295,128624,0,2,2,0,2,1,0,21837,3.5,0,0,0,0,0,0,0,1,0,0,0,0,0,0,0,0,0,0,0,0,0,0,0,,37520211,https://novosibirsk.drom.ru/honda/legend/37520211.html,1300000
9,2,1,2003,4,2020,2,250,130488,1,1,2,0,2,1,0,21837,3.5,0,0,0,0,0,0,0,1,0,0,0,0,0,0,0,0,0,0,0,0,0,0,0,,37517952,https://krasnoyarsk.drom.ru/honda/inspire/37517952.html,380000
9,2,1,2002,4,2020,2,225,285000,1,1,2,0,2,1,0,21837,3.5,0,0,0,0,0,0,0,1,0,0,0,0,0,0,0,0,0,0,0,0,0,0,0,,37385891,https://belogorsk.drom.ru/honda/accord_inspire/37385891.html,360000
9,2,1,2003,4,2020,2,250,102526,1,1,2,0,2,1,0,21837,3.5,0,0,0,0,0,0,0,1,0,0,0,0,0,0,0,0,0,0,0,0,0,0,0,,36338401,https://zakamensk.drom.ru/honda/inspire/36338401.html,420000
9,2,1,2006,4,2020,2,295,109983,0,2,2,3,2,1,-2678400,21837,3.5,0,0,0,0,0,0,0,1,0,0,0,0,0,0,0,0,0,0,0,0,0,0,0,,37438971,https://omsk.drom.ru/honda/legend/37438971.html,650000
9,2,1,2005,4,2020,2,300,37282,0,1,2,0,2,1,0,21837,3.5,0,0,0,0,0,0,0,1,0,0,0,0,0,0,0,0,0,0,0,0,0,0,0,,34820170,https://vladivostok.drom.ru/honda/legend/34820170.html,285000
9,2,1,2005,4,2020,2,300,285000,0,1,2,0,2,1,0,21837,3.5,0,0,0,0,0,0,0,1,0,0,0,0,0,0,0,0,0,0,0,0,0,0,0,,37411065,https://habarovsk.drom.ru/honda/legend/37411065.html,210000
9,2,1,2005,4,2020,2,300,285000,0,1,2,0,2,1,0,21837,3.5,0,0,0,0,0,0,0,1,0,0,0,0,0,0,0,0,0,0,0,0,0,0,0,,37436276,https://tomsk.drom.ru/honda/legend/37436276.html,500000
9,2,1,2005,4,2020,2,300,88235,0,1,2,0,2,1,0,21837,3.5,0,0,0,0,0,0,0,1,0,0,0,0,0,0,0,0,0,0,0,0,0,0,0,,37382738,https://blagoveshchensk.drom.ru/honda/legend/37382738.html,750000
9,2,1,2005,4,2020,2,295,145182,0,1,2,0,2,1,0,21837,3.5,0,0,0,0,0,0,0,1,0,0,0,0,0,0,0,0,0,0,0,0,0,0,0,,34072846,https://krasnoyarsk.drom.ru/honda/legend/34072846.html,300000
9,2,1,2003,4,2020,2,250,126802,1,1,2,0,2,1,0,21837,3.5,0,0,0,0,0,0,0,1,0,0,0,0,0,0,0,0,0,0,0,0,0,0,0,,36723042,https://berdsk.drom.ru/honda/inspire/36723042.html,470000
9,2,1,2003,4,2020,2,250,285000,1,1,2,0,2,1,0,21837,3.5,0,0,0,0,0,0,0,1,0,0,0,0,0,0,0,0,0,0,0,0,0,0,0,,37404615,https://tomsk.drom.ru/honda/inspire/37404615.html,630000
9,2,1,2005,4,2020,2,250,68351,1,1,2,0,2,1,0,21837,3.5,0,0,0,0,0,0,0,1,0,0,0,0,0,0,0,0,0,0,0,0,0,0,0,,37365459,https://elizovo.drom.ru/honda/inspire/37365459.html,530000
9,2,1,2006,4,2020,2,295,84506,0,2,2,3,2,1,70243200,21837,3.5,0,0,0,0,0,0,0,1,0,0,0,0,0,0,0,0,0,0,0,0,0,0,0,,31275317,https://kurgan.drom.ru/honda/legend/31275317.html,590000
9,2,1,2005,4,2020,2,250,151615,1,1,2,0,2,1,0,21837,3.5,0,0,0,0,0,0,0,1,0,0,0,0,0,0,0,0,0,0,0,0,0,0,0,,36619686,https://novosibirsk.drom.ru/honda/inspire/36619686.html,565000
9,2,1,2003,4,2020,2,250,84755,1,1,2,0,2,1,0,21837,3.5,0,0,0,0,0,0,0,1,0,0,0,0,0,0,0,0,0,0,0,0,0,0,0,,36489412,https://barnaul.drom.ru/honda/inspire/36489412.html,540000
9,2,1,2003,4,2020,2,250,136702,1,1,2,0,2,1,0,21837,3.5,0,0,0,0,0,0,0,1,0,0,0,0,0,0,0,0,0,0,0,0,0,0,0,,37333878,https://ulan-ude.drom.ru/honda/inspire/37333878.html,430000
9,2,1,2003,4,2020,2,250,285000,1,1,2,0,2,1,0,21837,3.5,0,0,0,0,0,0,0,1,0,0,0,0,0,0,0,0,0,0,0,0,0,0,0,,37131878,https://ulan-ude.drom.ru/honda/inspire/37131878.html,460000
9,2,1,2006,4,2020,2,295,147265,0,2,2,2,2,1,89596800,21837,3.5,0,0,0,0,0,0,0,1,0,0,0,0,0,0,0,0,0,0,0,0,0,0,0,,32255845,https://chita.drom.ru/honda/legend/32255845.html,750000
9,2,1,2002,4,2020,2,250,12427,1,2,2,3,2,1,34128000,21837,3.5,0,0,0,0,0,0,0,1,0,0,0,0,0,0,0,0,0,0,0,0,0,0,0,,37320150,https://krasnodar.drom.ru/honda/civic/37320150.html,250000
9,2,1,2003,4,2020,2,250,285000,1,1,2,0,2,1,0,21837,3.5,0,0,0,0,0,0,0,1,0,0,0,0,0,0,0,0,0,0,0,0,0,0,0,,37302509,https://novosibirsk.drom.ru/honda/inspire/37302509.html,530000
9,2,1,2003,4,2020,2,250,138082,1,1,2,0,2,1,0,21837,3.5,0,0,0,0,0,0,0,1,0,0,0,0,0,0,0,0,0,0,0,0,0,0,0,,33125707,https://krasnoyarsk.drom.ru/honda/inspire/33125707.html,500000
9,2,1,2003,4,2020,2,250,285000,1,1,2,0,2,1,0,21837,3.5,0,0,0,0,0,0,0,1,0,0,0,0,0,0,0,0,0,0,0,0,0,0,0,,37297896,https://novosibirsk.drom.ru/honda/inspire/37297896.html,580000
9,2,1,2006,4,2020,2,295,285000,0,2,2,3,2,1,12960000,21837,3.5,0,0,0,0,0,0,0,1,0,0,0,0,0,0,0,0,0,0,0,0,0,0,0,,36723828,https://sevastopol.drom.ru/honda/legend/36723828.html,400000
9,2,1,2005,4,2020,2,250,285000,1,1,2,0,2,1,0,21837,3.5,0,0,0,0,0,0,0,1,0,0,0,0,0,0,0,0,0,0,0,0,0,0,0,,36669066,https://petropavlovsk-kamchatskiy.drom.ru/honda/inspire/36669066.html,500000
9,2,1,2003,4,2020,2,250,285000,1,1,2,0,2,1,0,21837,3.5,0,0,0,0,0,0,0,1,0,0,0,0,0,0,0,0,0,0,0,0,0,0,0,,36183053,https://vladivostok.drom.ru/honda/inspire/36183053.html,450000
9,2,1,2003,4,2020,2,250,285000,1,1,2,0,2,1,0,21837,3.5,0,0,0,0,0,0,0,1,0,0,0,0,0,0,0,0,0,0,0,0,0,0,0,,33731558,https://komsomolsk.drom.ru/honda/inspire/33731558.html,310000
9,2,1,2006,4,2020,2,295,285000,0,2,2,3,2,1,-3974400,21837,3.5,0,0,0,0,0,0,0,1,0,0,0,0,0,0,0,0,0,0,0,0,0,0,0,,30893169,https://omsk.drom.ru/honda/legend/30893169.html,600000
9,2,1,2003,4,2020,2,250,285000,1,1,2,0,2,1,0,21837,3.5,0,0,0,0,0,0,0,1,0,0,0,0,0,0,0,0,0,0,0,0,0,0,0,,35843521,https://ulan-ude.drom.ru/honda/inspire/35843521.html,590000
9,2,1,2005,4,2020,2,250,70836,1,1,2,0,2,1,0,21837,3.5,0,0,0,0,0,0,0,1,0,0,0,0,0,0,0,0,0,0,0,0,0,0,0,,33623115,https://vladivostok.drom.ru/honda/inspire/33623115.html,225000
9,2,1,2004,4,2020,2,250,285000,1,1,2,0,2,1,0,21837,3.5,0,0,0,0,0,0,0,1,0,0,0,0,0,0,0,0,0,0,0,0,0,0,0,,37228667,https://blagoveshchensk.drom.ru/honda/inspire/37228667.html,385000
9,2,1,2003,4,2020,2,250,74565,1,1,2,0,2,1,0,21837,3.5,0,0,0,0,0,0,0,1,0,0,0,0,0,0,0,0,0,0,0,0,0,0,0,,37240339,https://irkutsk.drom.ru/honda/inspire/37240339.html,200000
9,2,1,2003,4,2020,2,250,105633,1,1,2,0,2,1,0,21837,3.5,0,0,0,0,0,0,0,1,0,0,0,0,0,0,0,0,0,0,0,0,0,0,0,,37239258,https://novosibirsk.drom.ru/honda/inspire/37239258.html,525000
9,2,1,2005,4,2020,2,300,130488,0,1,2,0,2,1,0,21837,3.5,0,0,0,0,0,0,0,1,0,0,0,0,0,0,0,0,0,0,0,0,0,0,0,,35945489,https://chelyabinsk.drom.ru/honda/legend/35945489.html,620000
9,2,1,2003,4,2020,2,250,285000,1,1,2,0,2,1,0,21837,3.5,0,0,0,0,0,0,0,1,0,0,0,0,0,0,0,0,0,0,0,0,0,0,0,,37198761,https://angarsk.drom.ru/honda/inspire/37198761.html,430000
9,2,1,2003,4,2020,2,250,285000,1,1,2,0,2,1,0,21837,3.5,0,0,0,0,0,0,0,1,0,0,0,0,0,0,0,0,0,0,0,0,0,0,0,,37190287,https://novosibirsk.drom.ru/honda/inspire/37190287.html,380000
9,2,1,2003,4,2020,2,250,285000,1,1,2,0,2,1,0,21837,3.5,0,0,0,0,0,0,0,1,0,0,0,0,0,0,0,0,0,0,0,0,0,0,0,,36820228,https://chita.drom.ru/honda/inspire/36820228.html,430000
9,2,1,2005,4,2020,2,250,285000,1,1,2,0,2,1,0,21837,3.5,0,0,0,0,0,0,0,1,0,0,0,0,0,0,0,0,0,0,0,0,0,0,0,,37187608,https://irkutsk.drom.ru/honda/inspire/37187608.html,250000
9,2,1,2006,4,2020,2,295,285000,0,2,2,3,2,1,181699200,21837,3.5,0,0,0,0,0,0,0,1,0,0,0,0,0,0,0,0,0,0,0,0,0,0,0,,37181556,https://novosibirsk.drom.ru/honda/legend/37181556.html,450000
9,2,1,2003,4,2020,2,250,111847,1,1,2,0,2,1,0,21837,3.5,0,0,0,0,0,0,0,1,0,0,0,0,0,0,0,0,0,0,0,0,0,0,0,,36394169,https://belogorsk.drom.ru/honda/inspire/36394169.html,500000
9,2,1,2004,4,2020,2,250,285000,1,1,2,0,2,1,0,21837,3.5,0,0,0,0,0,0,0,1,0,0,0,0,0,0,0,0,0,0,0,0,0,0,0,,37146034,https://novosibirsk.drom.ru/honda/inspire/37146034.html,580000
9,2,1,2003,4,2020,2,250,285000,1,1,2,0,2,1,0,21837,3.5,0,0,0,0,0,0,0,1,0,0,0,0,0,0,0,0,0,0,0,0,0,0,0,,37140751,https://ulan-ude.drom.ru/honda/inspire/37140751.html,400000
9,2,1,2003,4,2020,2,250,138007,1,1,2,0,2,1,0,21837,3.5,0,0,0,0,0,0,0,1,0,0,0,0,0,0,0,0,0,0,0,0,0,0,0,,37139080,https://ulan-ude.drom.ru/honda/inspire/37139080.html,400000
9,2,1,2006,4,2020,2,300,108740,0,1,2,0,2,1,0,21837,3.5,0,0,0,0,0,0,0,1,0,0,0,0,0,0,0,0,0,0,0,0,0,0,0,,37107262,https://chita.drom.ru/honda/legend/37107262.html,300000
9,2,1,2006,4,2020,2,295,108740,0,2,2,3,2,1,75859200,21837,3.5,0,0,0,0,0,0,0,1,0,0,0,0,0,0,0,0,0,0,0,0,0,0,0,,37102866,https://kyzyl.drom.ru/honda/legend/37102866.html,700000
9,2,1,2003,4,2020,2,250,120204,1,1,2,0,2,1,0,21837,3.5,0,0,0,0,0,0,0,1,0,0,0,0,0,0,0,0,0,0,0,0,0,0,0,,36987112,https://irkutsk.drom.ru/honda/inspire/36987112.html,425000
9,2,1,2006,4,2020,2,250,127381,1,1,2,0,2,1,0,21837,3.5,0,0,0,0,0,0,0,1,0,0,0,0,0,0,0,0,0,0,0,0,0,0,0,,36959169,https://chita.drom.ru/honda/inspire/36959169.html,655000
9,2,1,2004,4,2020,2,299,83885,0,1,2,0,2,1,0,21837,3.5,0,0,0,0,0,0,0,1,0,0,0,0,0,0,0,0,0,0,0,0,0,0,0,,35334414,https://petropavlovsk-kamchatskiy.drom.ru/honda/legend/35334414.html,530000
9,2,1,2003,4,2020,2,250,142915,1,1,2,0,2,1,0,21837,3.5,0,0,0,0,0,0,0,1,0,0,0,0,0,0,0,0,0,0,0,0,0,0,0,,36980482,https://novosibirsk.drom.ru/honda/inspire/36980482.html,370000
9,2,1,2004,4,2020,2,250,285000,1,1,2,0,2,1,0,21837,3.5,0,0,0,0,0,0,0,1,0,0,0,0,0,0,0,0,0,0,0,0,0,0,0,,37094649,https://novosibirsk.drom.ru/honda/inspire/37094649.html,490000
9,2,1,2004,4,2020,2,300,130488,0,1,2,0,2,1,0,21837,3.5,0,0,0,0,0,0,0,1,0,0,0,0,0,0,0,0,0,0,0,0,0,0,0,,31908277,https://chita.drom.ru/honda/legend/31908277.html,750000
9,2,1,2002,4,2020,2,160,26719,1,1,2,0,2,1,0,21837,3.5,0,0,0,0,0,0,0,1,0,0,0,0,0,0,0,0,0,0,0,0,0,0,0,,37086338,https://habarovsk.drom.ru/honda/legend/37086338.html,420000
9,2,1,2004,4,2020,2,250,285000,1,1,2,0,2,1,0,21837,3.5,0,0,0,0,0,0,0,1,0,0,0,0,0,0,0,0,0,0,0,0,0,0,0,,37084578,https://irkutsk.drom.ru/honda/inspire/37084578.html,7000
9,2,1,2002,4,2020,2,260,156586,1,1,2,0,2,1,0,21837,3.5,0,0,0,0,0,0,0,1,0,0,0,0,0,0,0,0,0,0,0,0,0,0,0,,37080785,https://shelehov.drom.ru/honda/inspire/37080785.html,300000
9,2,1,2003,4,2020,2,250,285000,1,1,2,0,2,1,0,21837,3.5,0,0,0,0,0,0,0,1,0,0,0,0,0,0,0,0,0,0,0,0,0,0,0,,35933833,https://svobodniy.drom.ru/honda/inspire/35933833.html,400000
9,2,1,2003,4,2020,2,250,128002,1,1,2,0,2,1,0,21837,3.5,0,0,0,0,0,0,0,1,0,0,0,0,0,0,0,0,0,0,0,0,0,0,0,,30998126,https://snezhinsk.drom.ru/honda/inspire/30998126.html,360000
9,2,1,2003,4,2020,2,250,129245,1,1,2,0,2,1,0,21837,3.5,0,0,0,0,0,0,0,1,0,0,0,0,0,0,0,0,0,0,0,0,0,0,0,,37044476,https://novosibirsk.drom.ru/honda/inspire/37044476.html,570000
9,2,1,2003,4,2020,2,250,142915,1,1,2,0,2,1,0,21837,3.5,0,0,0,0,0,0,0,1,0,0,0,0,0,0,0,0,0,0,0,0,0,0,0,,37030520,https://novosibirsk.drom.ru/honda/inspire/37030520.html,480000
9,2,1,2006,4,2020,2,295,119303,0,2,2,3,2,1,75340800,21837,3.5,0,0,0,0,0,0,0,1,0,0,0,0,0,0,0,0,0,0,0,0,0,0,0,,37023288,https://kyzyl.drom.ru/honda/legend/37023288.html,559000
9,2,1,2002,4,2020,2,225,118061,1,1,2,0,2,1,0,21837,3.5,0,0,0,0,0,0,0,1,0,0,0,0,0,0,0,0,0,0,0,0,0,0,0,,36457124,https://artem.drom.ru/honda/inspire/36457124.html,210000
9,2,1,2003,4,2020,2,250,55923,1,1,2,0,2,1,0,21837,3.5,0,0,0,0,0,0,0,1,0,0,0,0,0,0,0,0,0,0,0,0,0,0,0,,36749994,https://vladivostok.drom.ru/honda/inspire/36749994.html,560000
9,2,1,2003,4,2020,2,250,164663,1,1,2,0,2,1,0,21837,3.5,0,0,0,0,0,0,0,1,0,0,0,0,0,0,0,0,0,0,0,0,0,0,0,,37018014,https://novosibirsk.drom.ru/honda/inspire/37018014.html,350000
9,2,1,2005,4,2020,2,300,285000,0,1,2,0,2,1,0,21837,3.5,0,0,0,0,0,0,0,1,0,0,0,0,0,0,0,0,0,0,0,0,0,0,0,,35458303,https://vladivostok.drom.ru/honda/legend/35458303.html,269000
9,2,1,2002,4,2020,2,260,285000,1,1,2,0,2,1,0,21837,3.5,0,0,0,0,0,0,0,1,0,0,0,0,0,0,0,0,0,0,0,0,0,0,0,,36889905,https://birobidzhan.drom.ru/honda/saber/36889905.html,260000
9,2,1,2003,4,2020,2,250,621,1,1,2,0,2,1,0,21837,3.5,0,0,0,0,0,0,0,1,0,0,0,0,0,0,0,0,0,0,0,0,0,0,0,,34277022,https://chita.drom.ru/honda/inspire/34277022.html,500000
9,2,1,2003,4,2020,2,250,102526,1,1,2,0,2,1,0,21837,3.5,0,0,0,0,0,0,0,1,0,0,0,0,0,0,0,0,0,0,0,0,0,0,0,,36244455,https://tomsk.drom.ru/honda/inspire/36244455.html,499000
9,2,1,2003,4,2020,2,250,285000,1,1,2,0,2,1,0,21837,3.5,0,0,0,0,0,0,0,1,0,0,0,0,0,0,0,0,0,0,0,0,0,0,0,,33574078,https://habarovsk.drom.ru/honda/inspire/33574078.html,430000
9,2,1,2006,4,2020,2,295,90099,0,2,2,0,2,1,0,21837,3.5,0,0,0,0,0,0,0,1,0,0,0,0,0,0,0,0,0,0,0,0,0,0,0,,32052413,https://kurgan.drom.ru/honda/legend/32052413.html,600000
9,2,1,2005,4,2020,2,300,285000,0,1,2,0,2,1,0,21837,3.5,0,0,0,0,0,0,0,1,0,0,0,0,0,0,0,0,0,0,0,0,0,0,0,,36686049,https://komsomolsk.drom.ru/honda/legend/36686049.html,750000
9,2,1,2005,4,2020,2,250,118061,1,1,2,0,2,1,0,21837,3.5,0,0,0,0,0,0,0,1,0,0,0,0,0,0,0,0,0,0,0,0,0,0,0,,36023359,https://gorno-altaysk.drom.ru/honda/inspire/36023359.html,400000
9,2,1,2003,4,2020,2,250,285000,1,1,2,0,2,1,0,21837,3.5,0,0,0,0,0,0,0,1,0,0,0,0,0,0,0,0,0,0,0,0,0,0,0,,34423471,https://barnaul.drom.ru/honda/inspire/34423471.html,450000
9,2,1,2003,4,2020,2,250,285000,1,1,2,0,2,1,0,21837,3.5,0,0,0,0,0,0,0,1,0,0,0,0,0,0,0,0,0,0,0,0,0,0,0,,35965736,https://ulan-ude.drom.ru/honda/inspire/35965736.html,460000
9,2,1,2003,4,2020,2,250,285000,1,1,2,0,2,1,0,21837,3.5,0,0,0,0,0,0,0,1,0,0,0,0,0,0,0,0,0,0,0,0,0,0,0,,32027598,https://blagoveshchensk.drom.ru/honda/inspire/32027598.html,460000
9,2,1,2006,4,2020,2,295,285000,0,2,2,3,2,1,73958400,21837,3.5,0,0,0,0,0,0,0,1,0,0,0,0,0,0,0,0,0,0,0,0,0,0,0,,35759542,https://kyzyl.drom.ru/honda/legend/35759542.html,580000
9,2,1,2004,4,2020,2,250,136702,1,1,2,0,2,1,0,21837,3.5,0,0,0,0,0,0,0,1,0,0,0,0,0,0,0,0,0,0,0,0,0,0,0,,36440992,https://blagoveshchensk.drom.ru/honda/inspire/36440992.html,100000
9,2,1,2004,4,2020,2,250,66487,1,1,2,0,2,1,0,21837,3.5,0,0,0,0,0,0,0,1,0,0,0,0,0,0,0,0,0,0,0,0,0,0,0,,34911141,https://sochi.drom.ru/honda/inspire/34911141.html,227000
9,2,1,2005,4,2020,2,300,285000,0,1,2,0,2,1,0,21837,3.5,0,0,0,0,0,0,0,1,0,0,0,0,0,0,0,0,0,0,0,0,0,0,0,,35932415,https://svobodniy.drom.ru/honda/legend/35932415.html,200000
9,2,1,2006,4,2020,2,300,99482,0,1,2,0,2,1,0,21837,3.5,0,0,0,0,0,0,0,1,0,0,0,0,0,0,0,0,0,0,0,0,0,0,0,,36786963,https://kiselevsk.drom.ru/honda/legend/36786963.html,360000
9,2,1,2006,4,2020,2,295,285000,0,2,2,3,2,1,40435200,21837,3.5,0,0,0,0,0,0,0,1,0,0,0,0,0,0,0,0,0,0,0,0,0,0,0,,34469260,https://chita.drom.ru/honda/legend/34469260.html,600000
9,2,1,2003,4,2020,2,250,162178,1,1,2,0,2,1,0,21837,3.5,0,0,0,0,0,0,0,1,0,0,0,0,0,0,0,0,0,0,0,0,0,0,0,,35755350,https://barnaul.drom.ru/honda/inspire/35755350.html,595000
9,2,1,2003,4,2020,2,250,113711,1,1,2,0,2,1,0,21837,3.5,0,0,0,0,0,0,0,1,0,0,0,0,0,0,0,0,0,0,0,0,0,0,0,,36428663,https://habarovsk.drom.ru/honda/inspire/36428663.html,600000
9,2,1,2003,4,2020,2,250,285000,1,1,2,0,2,1,0,21837,3.5,0,0,0,0,0,0,0,1,0,0,0,0,0,0,0,0,0,0,0,0,0,0,0,,35276681,https://irkutsk.drom.ru/honda/inspire/35276681.html,499000
9,2,1,2003,4,2020,2,250,285000,1,1,2,0,2,1,0,21837,3.5,0,0,0,0,0,0,0,1,0,0,0,0,0,0,0,0,0,0,0,0,0,0,0,,36744137,https://chita.drom.ru/honda/inspire/36744137.html,460000
9,2,1,2003,4,2020,2,250,285000,1,1,2,0,2,1,0,21837,3.5,0,0,0,0,0,0,0,1,0,0,0,0,0,0,0,0,0,0,0,0,0,0,0,,36739247,https://novosibirsk.drom.ru/honda/inspire/36739247.html,500000
9,2,1,2005,4,2020,2,250,285000,1,1,2,0,2,1,0,21837,3.5,0,0,0,0,0,0,0,1,0,0,0,0,0,0,0,0,0,0,0,0,0,0,0,,36738558,https://irkutsk.drom.ru/honda/inspire/36738558.html,540000
9,2,1,2003,4,2020,2,250,110093,1,1,2,0,2,1,0,21837,3.5,0,0,0,0,0,0,0,1,0,0,0,0,0,0,0,0,0,0,0,0,0,0,0,,28400806,https://kyzyl.drom.ru/honda/inspire/28400806.html,330000
9,2,1,2002,4,2020,2,260,173984,1,1,2,0,2,1,0,21837,3.5,0,0,0,0,0,0,0,1,0,0,0,0,0,0,0,0,0,0,0,0,0,0,0,,35585111,https://irkutsk.drom.ru/honda/inspire/35585111.html,245000
9,2,1,2002,4,2020,2,225,118061,1,1,2,0,2,1,0,21837,3.5,0,0,0,0,0,0,0,1,0,0,0,0,0,0,0,0,0,0,0,0,0,0,0,,36284130,https://barnaul.drom.ru/honda/inspire/36284130.html,290000
9,2,1,2003,4,2020,2,250,155343,1,1,2,0,2,1,0,21837,3.5,0,0,0,0,0,0,0,1,0,0,0,0,0,0,0,0,0,0,0,0,0,0,0,,34432221,https://habarovsk.drom.ru/honda/inspire/34432221.html,499999
9,2,1,2002,4,2020,2,260,285000,1,1,2,0,2,1,0,21837,3.5,0,0,0,0,0,0,0,1,0,0,0,0,0,0,0,0,0,0,0,0,0,0,0,,35888483,https://nakhodka.drom.ru/honda/inspire/35888483.html,300000
9,2,1,2003,4,2019,2,250,136702,1,1,2,0,2,1,0,21837,3.5,0,0,0,0,0,0,0,1,0,0,0,0,0,0,0,0,0,0,0,0,0,0,0,,34375216,https://karasuk.drom.ru/honda/inspire/34375216.html,505000
9,2,1,2005,4,2019,2,250,126760,1,1,2,0,2,1,0,21837,3.5,0,0,0,0,0,0,0,1,0,0,0,0,0,0,0,0,0,0,0,0,0,0,0,,35929106,https://berdsk.drom.ru/honda/inspire/35929106.html,515000
9,2,1,2003,4,2019,2,250,285000,1,1,2,0,2,1,0,21837,3.5,0,0,0,0,0,0,0,1,0,0,0,0,0,0,0,0,0,0,0,0,0,0,0,,35845052,https://habarovsk.drom.ru/honda/inspire/35845052.html,430000
9,2,1,2005,4,2019,2,300,285000,0,1,2,0,2,1,0,21837,3.5,0,0,0,0,0,0,0,1,0,0,0,0,0,0,0,0,0,0,0,0,0,0,0,,36667078,https://usk-kut.drom.ru/honda/legend/36667078.html,400000
9,2,1,2002,4,2019,2,260,99419,1,1,2,0,2,1,0,21837,3.5,0,0,0,0,0,0,0,1,0,0,0,0,0,0,0,0,0,0,0,0,0,0,0,,36028277,https://fyodorovskiy.drom.ru/honda/saber/36028277.html,169999
9,2,1,2003,4,2019,2,250,285000,1,1,2,0,2,1,0,21837,3.5,0,0,0,0,0,0,0,1,0,0,0,0,0,0,0,0,0,0,0,0,0,0,0,,36539750,https://vladivostok.drom.ru/honda/inspire/36539750.html,600000
9,2,1,2002,4,2019,2,180,285000,1,1,2,0,2,1,0,21837,3.5,0,0,0,0,0,0,0,1,0,0,0,0,0,0,0,0,0,0,0,0,0,0,0,,36170404,https://blagoveshchensk.drom.ru/honda/saber/36170404.html,290000
9,2,1,2003,4,2019,2,250,285000,1,1,2,0,2,1,0,21837,3.5,0,0,0,0,0,0,0,1,0,0,0,0,0,0,0,0,0,0,0,0,0,0,0,,36249565,https://novosibirsk.drom.ru/honda/inspire/36249565.html,600000
9,2,1,2005,4,2019,2,250,285000,1,1,2,0,2,1,0,21837,3.5,0,0,0,0,0,0,0,1,0,0,0,0,0,0,0,0,0,0,0,0,0,0,0,,35872287,https://kutulik.drom.ru/honda/inspire/35872287.html,455000
9,2,1,2005,4,2019,2,300,75807,0,1,2,0,2,1,0,21837,3.5,0,0,0,0,0,0,0,1,0,0,0,0,0,0,0,0,0,0,0,0,0,0,0,,36601714,https://usk-kut.drom.ru/honda/legend/36601714.html,300000
9,2,1,2006,4,2019,2,300,285000,0,1,2,0,2,1,0,21837,3.5,0,0,0,0,0,0,0,1,0,0,0,0,0,0,0,0,0,0,0,0,0,0,0,,36394115,https://biysk.drom.ru/honda/legend/36394115.html,450000
9,2,1,2006,4,2019,2,295,111847,0,2,2,3,2,1,43718400,21837,3.5,0,0,0,0,0,0,0,1,0,0,0,0,0,0,0,0,0,0,0,0,0,0,0,,32732347,https://habarovsk.drom.ru/honda/legend/32732347.html,511000
9,2,1,2003,4,2019,2,250,68351,1,1,2,0,2,1,0,21837,3.5,0,0,0,0,0,0,0,1,0,0,0,0,0,0,0,0,0,0,0,0,0,0,0,,36554067,https://krasnodar.drom.ru/honda/inspire/36554067.html,185000
9,2,1,2005,4,2019,2,300,78355,0,1,2,0,2,1,0,21837,3.5,0,0,0,0,0,0,0,1,0,0,0,0,0,0,0,0,0,0,0,0,0,0,0,,36494186,https://belogorsk.drom.ru/honda/legend/36494186.html,350000
9,2,1,2005,4,2019,2,295,59030,0,1,2,0,2,1,0,21837,3.5,0,0,0,0,0,0,0,1,0,0,0,0,0,0,0,0,0,0,0,0,0,0,0,,36493717,https://krasnodar.drom.ru/honda/legend/36493717.html,350000
9,2,1,2003,4,2019,2,250,285000,1,1,2,0,2,1,0,21837,3.5,0,0,0,0,0,0,0,1,0,0,0,0,0,0,0,0,0,0,0,0,0,0,0,,36490784,https://irkutsk.drom.ru/honda/inspire/36490784.html,378000
9,2,1,2003,4,2019,2,250,62137,1,1,2,0,2,1,0,21837,3.5,0,0,0,0,0,0,0,1,0,0,0,0,0,0,0,0,0,0,0,0,0,0,0,,36485558,https://novosibirsk.drom.ru/honda/inspire/36485558.html,525000
9,2,1,2006,4,2019,2,300,74565,0,1,2,0,2,1,0,21837,3.5,0,0,0,0,0,0,0,1,0,0,0,0,0,0,0,0,0,0,0,0,0,0,0,,36087196,https://vladivostok.drom.ru/honda/legend/36087196.html,280000
9,2,1,2004,4,2019,2,250,285000,1,1,2,0,2,1,0,21837,3.5,0,0,0,0,0,0,0,1,0,0,0,0,0,0,0,0,0,0,0,0,0,0,0,,35899464,https://ulan-ude.drom.ru/honda/inspire/35899464.html,355000
9,2,1,2006,4,2019,2,295,118061,0,2,2,3,2,1,111024000,21837,3.5,0,0,0,0,0,0,0,1,0,0,0,0,0,0,0,0,0,0,0,0,0,0,0,,36472715,https://surgut.drom.ru/honda/legend/36472715.html,499000
9,2,1,2003,4,2019,2,250,285000,1,1,2,0,2,1,0,21837,3.5,0,0,0,0,0,0,0,1,0,0,0,0,0,0,0,0,0,0,0,0,0,0,0,,36073097,https://irkutsk.drom.ru/honda/inspire/36073097.html,750000
9,2,1,2003,4,2019,2,250,111225,1,1,2,0,2,1,0,21837,3.5,0,0,0,0,0,0,0,1,0,0,0,0,0,0,0,0,0,0,0,0,0,0,0,,36447463,https://novosibirsk.drom.ru/honda/inspire/36447463.html,565000
9,2,1,2003,4,2019,2,250,155343,1,1,2,0,2,1,0,21837,3.5,0,0,0,0,0,0,0,1,0,0,0,0,0,0,0,0,0,0,0,0,0,0,0,,36439710,https://blagoveshchensk.drom.ru/honda/inspire/36439710.html,450000
9,2,1,2003,4,2019,2,215,67108,1,1,2,0,2,1,0,21837,3.5,0,0,0,0,0,0,0,1,0,0,0,0,0,0,0,0,0,0,0,0,0,0,0,,36437388,https://habarovsk.drom.ru/honda/legend/36437388.html,355000
9,2,1,2003,4,2019,2,250,285000,1,1,2,0,2,1,0,21837,3.5,0,0,0,0,0,0,0,1,0,0,0,0,0,0,0,0,0,0,0,0,0,0,0,,36410083,https://angarsk.drom.ru/honda/inspire/36410083.html,500000
9,2,1,2006,4,2019,2,250,114954,1,1,2,0,2,1,0,21837,3.5,0,0,0,0,0,0,0,1,0,0,0,0,0,0,0,0,0,0,0,0,0,0,0,,35385749,https://magadan.drom.ru/honda/inspire/35385749.html,450000
9,2,1,2003,4,2019,2,250,285000,1,1,2,0,2,1,0,21837,3.5,0,0,0,0,0,0,0,1,0,0,0,0,0,0,0,0,0,0,0,0,0,0,0,,36380848,https://ulan-ude.drom.ru/honda/inspire/36380848.html,470000
9,2,1,2002,4,2019,2,260,285000,1,1,2,0,2,1,0,21837,3.5,0,0,0,0,0,0,0,1,0,0,0,0,0,0,0,0,0,0,0,0,0,0,0,,36236334,https://irkutsk.drom.ru/honda/inspire/36236334.html,305000
9,2,1,2003,4,2019,2,215,285000,1,1,2,0,2,1,0,21837,3.5,0,0,0,0,0,0,0,1,0,0,0,0,0,0,0,0,0,0,0,0,0,0,0,,35911095,https://habarovsk.drom.ru/honda/legend/35911095.html,419000
9,2,1,2006,4,2019,2,295,86992,0,2,2,3,2,1,17971200,21837,3.5,0,0,0,0,0,0,0,1,0,0,0,0,0,0,0,0,0,0,0,0,0,0,0,,35585634,https://ekaterinburg.drom.ru/honda/legend/35585634.html,500000
9,2,1,2003,4,2019,2,180,134216,1,1,2,0,2,1,0,21837,3.5,0,0,0,0,0,0,0,1,0,0,0,0,0,0,0,0,0,0,0,0,0,0,0,,35359210,https://svobodniy.drom.ru/honda/inspire/35359210.html,500000
9,2,1,2003,4,2019,2,250,285000,1,1,2,0,2,1,0,21837,3.5,0,0,0,0,0,0,0,1,0,0,0,0,0,0,0,0,0,0,0,0,0,0,0,,36352784,https://irkutsk.drom.ru/honda/inspire/36352784.html,430000
9,2,1,2002,4,2019,2,260,105633,1,1,2,0,2,1,0,21837,3.5,0,0,0,0,0,0,0,1,0,0,0,0,0,0,0,0,0,0,0,0,0,0,0,,36351689,https://irkutsk.drom.ru/honda/saber/36351689.html,305000
9,2,1,2005,4,2019,2,300,114954,0,1,2,0,2,1,0,21837,3.5,0,0,0,0,0,0,0,1,0,0,0,0,0,0,0,0,0,0,0,0,0,0,0,,35758498,https://dalnegorsk.drom.ru/honda/legend/35758498.html,180000
9,2,1,2003,4,2019,2,250,177712,1,1,2,0,2,1,0,21837,3.5,0,0,0,0,0,0,0,1,0,0,0,0,0,0,0,0,0,0,0,0,0,0,0,,35956966,https://krasnoyarsk.drom.ru/honda/inspire/35956966.html,610000
9,2,1,2003,4,2019,2,250,186411,1,1,2,0,2,1,0,21837,3.5,0,0,0,0,0,0,0,1,0,0,0,0,0,0,0,0,0,0,0,0,0,0,0,,36313296,https://iskitim.drom.ru/honda/inspire/36313296.html,460000
9,2,1,2003,4,2019,2,250,285000,1,1,2,0,2,1,0,21837,3.5,0,0,0,0,0,0,0,1,0,0,0,0,0,0,0,0,0,0,0,0,0,0,0,,34624524,https://chita.drom.ru/honda/inspire/34624524.html,570000
9,2,1,2003,4,2019,2,250,93206,1,1,2,0,2,1,0,21837,3.5,0,0,0,0,0,0,0,1,0,0,0,0,0,0,0,0,0,0,0,0,0,0,0,,34206135,https://irkutsk.drom.ru/honda/inspire/34206135.html,450000
9,2,1,2002,4,2019,2,208,236946,1,2,2,3,2,1,0,21837,3.5,0,0,0,0,0,0,0,1,0,0,0,0,0,0,0,0,0,0,0,0,0,0,0,,36265537,https://novosibirsk.drom.ru/honda/legend/36265537.html,300000
9,2,1,2003,4,2019,2,250,124274,1,1,2,3,2,1,0,21837,3.5,0,0,0,0,0,0,0,1,0,0,0,0,0,0,0,0,0,0,0,0,0,0,0,,36248689,https://novosibirsk.drom.ru/honda/inspire/36248689.html,580000
9,2,1,2003,4,2019,2,250,285000,1,1,2,3,2,1,0,21837,3.5,0,0,0,0,0,0,0,1,0,0,0,0,0,0,0,0,0,0,0,0,0,0,0,,36106520,https://irkutsk.drom.ru/honda/inspire/36106520.html,450000
9,2,1,2003,4,2019,2,250,285000,1,1,2,3,2,1,0,21837,3.5,0,0,0,0,0,0,0,1,0,0,0,0,0,0,0,0,0,0,0,0,0,0,0,,36013947,https://bratsk.drom.ru/honda/inspire/36013947.html,480000
9,2,1,2003,4,2019,2,250,285000,1,1,2,3,2,1,0,21837,3.5,0,0,0,0,0,0,0,1,0,0,0,0,0,0,0,0,0,0,0,0,0,0,0,,34558848,https://vladivostok.drom.ru/honda/inspire/34558848.html,630000
9,2,1,2006,4,2019,2,295,68351,0,2,2,3,2,1,0,21837,3.5,0,0,0,0,0,0,0,1,0,0,0,0,0,0,0,0,0,0,0,0,0,0,0,,34652623,https://naberezhnye-chelny.drom.ru/honda/legend/34652623.html,478000
9,2,1,2006,4,2019,2,300,99419,0,1,2,3,2,1,0,21837,3.5,0,0,0,0,0,0,0,1,0,0,0,0,0,0,0,0,0,0,0,0,0,0,0,,36212049,https://tomsk.drom.ru/honda/legend/36212049.html,400000
9,2,1,2005,4,2019,2,295,59030,0,1,2,3,2,1,0,21837,3.5,0,0,0,0,0,0,0,1,0,0,0,0,0,0,0,0,0,0,0,0,0,0,0,,35172970,https://krasnodar.drom.ru/honda/legend/35172970.html,380000
9,2,1,2004,4,2019,2,240,155343,0,1,2,3,2,1,0,21837,3.5,0,0,0,0,0,0,0,1,0,0,0,0,0,0,0,0,0,0,0,0,0,0,0,,36162252,https://komsomolsk.drom.ru/honda/legend/36162252.html,800000
9,2,1,2005,4,2019,2,300,285000,0,1,2,3,2,1,0,21837,3.5,0,0,0,0,0,0,0,1,0,0,0,0,0,0,0,0,0,0,0,0,0,0,0,,36126199,https://tomsk.drom.ru/honda/legend/36126199.html,350000
9,2,1,2006,4,2019,2,295,285000,0,2,2,3,2,1,0,21837,3.5,0,0,0,0,0,0,0,1,0,0,0,0,0,0,0,0,0,0,0,0,0,0,0,,34954252,https://vladivostok.drom.ru/honda/legend/34954252.html,596000
9,2,1,2003,4,2019,2,250,285000,1,1,2,3,2,1,0,21837,3.5,0,0,0,0,0,0,0,1,0,0,0,0,0,0,0,0,0,0,0,0,0,0,0,,35745363,https://tomsk.drom.ru/honda/inspire/35745363.html,520000
9,2,1,2005,4,2019,2,300,111847,0,1,2,3,2,1,0,21837,3.5,0,0,0,0,0,0,0,1,0,0,0,0,0,0,0,0,0,0,0,0,0,0,0,,35777492,https://barnaul.drom.ru/honda/legend/35777492.html,335000
9,2,1,2006,4,2019,2,295,146333,0,2,2,3,2,1,0,21837,3.5,0,0,0,0,0,0,0,1,0,0,0,0,0,0,0,0,0,0,0,0,0,0,0,,35296106,https://novosibirsk.drom.ru/honda/legend/35296106.html,600000
9,2,1,2002,4,2019,2,215,285000,1,1,2,3,2,1,0,21837,3.5,0,0,0,0,0,0,0,1,0,0,0,0,0,0,0,0,0,0,0,0,0,0,0,,36080544,https://chita.drom.ru/honda/legend/36080544.html,120000
9,2,1,2003,4,2019,2,250,149129,1,1,2,3,2,1,0,21837,3.5,0,0,0,0,0,0,0,1,0,0,0,0,0,0,0,0,0,0,0,0,0,0,0,,35318341,https://novosibirsk.drom.ru/honda/inspire/35318341.html,500000
9,2,1,2006,4,2019,2,300,68351,0,1,2,3,2,1,0,21837,3.5,0,0,0,0,0,0,0,1,0,0,0,0,0,0,0,0,0,0,0,0,0,0,0,,35691407,https://chita.drom.ru/honda/legend/35691407.html,560000
9,2,1,2006,4,2019,2,300,57788,0,1,2,3,2,1,0,21837,3.5,0,0,0,0,0,0,0,1,0,0,0,0,0,0,0,0,0,0,0,0,0,0,0,,33742400,https://vladivostok.drom.ru/honda/legend/33742400.html,260000
9,2,1,2002,4,2019,2,180,285000,1,1,2,3,2,1,0,21837,3.5,0,0,0,0,0,0,0,1,0,0,0,0,0,0,0,0,0,0,0,0,0,0,0,,33114224,https://blagoveshchensk.drom.ru/honda/saber/33114224.html,290000
9,2,1,2006,4,2019,2,300,99419,0,1,2,3,2,1,0,21837,3.5,0,0,0,0,0,0,0,1,0,0,0,0,0,0,0,0,0,0,0,0,0,0,0,,35011841,https://tomsk.drom.ru/honda/legend/35011841.html,250000
9,2,1,2003,4,2019,2,250,285000,1,1,2,3,2,1,0,21837,3.5,0,0,0,0,0,0,0,1,0,0,0,0,0,0,0,0,0,0,0,0,0,0,0,,36027425,https://novosibirsk.drom.ru/honda/inspire/36027425.html,590000
9,2,1,2002,4,2019,2,215,285000,1,1,2,3,2,1,0,21837,3.5,0,0,0,0,0,0,0,1,0,0,0,0,0,0,0,0,0,0,0,0,0,0,0,,35101087,https://komsomolsk.drom.ru/honda/legend/35101087.html,370000
9,2,1,2005,4,2019,2,300,69594,0,1,2,3,2,1,0,21837,3.5,0,0,0,0,0,0,0,1,0,0,0,0,0,0,0,0,0,0,0,0,0,0,0,,36019732,https://chelyabinsk.drom.ru/honda/legend/36019732.html,350000
9,2,1,2003,4,2019,2,250,106254,1,1,2,3,2,1,0,21837,3.5,0,0,0,0,0,0,0,1,0,0,0,0,0,0,0,0,0,0,0,0,0,0,0,,36018366,https://novosibirsk.drom.ru/honda/inspire/36018366.html,555000
9,2,1,2003,4,2019,2,250,105633,1,1,2,3,2,1,0,21837,3.5,0,0,0,0,0,0,0,1,0,0,0,0,0,0,0,0,0,0,0,0,0,0,0,,32936426,https://vladivostok.drom.ru/honda/inspire/32936426.html,520000
9,2,0,2005,4,2019,2,249,285000,1,1,2,3,2,1,0,21837,3.5,0,0,0,0,0,0,0,1,0,0,0,0,0,0,0,0,0,0,0,0,0,0,0,,35359408,https://krasnoyarsk.drom.ru/honda/accord/35359408.html,420000
9,2,1,2004,4,2019,2,250,90099,1,1,2,3,2,1,0,21837,3.5,0,0,0,0,0,0,0,1,0,0,0,0,0,0,0,0,0,0,0,0,0,0,0,,35019854,https://moscow.drom.ru/honda/inspire/35019854.html,450000
9,2,1,2006,4,2019,2,250,129867,1,1,2,3,2,1,0,21837,3.5,0,0,0,0,0,0,0,1,0,0,0,0,0,0,0,0,0,0,0,0,0,0,0,,35975142,https://ulan-ude.drom.ru/honda/inspire/35975142.html,570000
9,2,1,2003,4,2019,2,250,97555,1,1,2,3,2,1,0,21837,3.5,0,0,0,0,0,0,0,1,0,0,0,0,0,0,0,0,0,0,0,0,0,0,0,,35965444,https://chita.drom.ru/honda/inspire/35965444.html,350000
9,2,1,2004,4,2019,2,300,62136,1,1,2,3,2,1,0,21837,3.5,0,0,0,0,0,0,0,1,0,0,0,0,0,0,0,0,0,0,0,0,0,0,0,,33503632,https://bratsk.drom.ru/honda/inspire/33503632.html,450000
9,2,1,2003,4,2019,2,250,285000,1,1,2,3,2,1,0,21837,3.5,0,0,0,0,0,0,0,1,0,0,0,0,0,0,0,0,0,0,0,0,0,0,0,,35681978,https://novosibirsk.drom.ru/honda/inspire/35681978.html,380000
9,2,1,2003,4,2019,2,250,285000,1,1,2,3,2,1,0,21837,3.5,0,0,0,0,0,0,0,1,0,0,0,0,0,0,0,0,0,0,0,0,0,0,0,,32396325,https://chita.drom.ru/honda/inspire/32396325.html,399999
9,2,1,2005,4,2019,2,250,285000,1,1,2,3,2,1,0,21837,3.5,0,0,0,0,0,0,0,1,0,0,0,0,0,0,0,0,0,0,0,0,0,0,0,,35919870,https://lesozavodsk.drom.ru/honda/inspire/35919870.html,350000
9,2,1,2002,4,2019,2,225,99419,3,1,2,3,2,1,0,21837,3.5,0,0,0,0,0,0,0,1,0,0,0,0,0,0,0,0,0,0,0,0,0,0,0,,35917882,https://surgut.drom.ru/honda/saber/35917882.html,250000
9,2,1,2004,4,2019,2,300,285000,0,1,2,3,2,1,0,21837,3.5,0,0,0,0,0,0,0,1,0,0,0,0,0,0,0,0,0,0,0,0,0,0,0,,31869776,https://chita.drom.ru/honda/legend/31869776.html,550000
9,2,1,2002,4,2019,2,225,285000,1,1,2,3,2,1,0,21837,3.5,0,0,0,0,0,0,0,1,0,0,0,0,0,0,0,0,0,0,0,0,0,0,0,,35896490,https://blagoveshchensk.drom.ru/honda/accord_inspire/35896490.html,290000
9,2,1,2006,4,2019,2,250,124274,1,1,2,3,2,1,0,21837,3.5,0,0,0,0,0,0,0,1,0,0,0,0,0,0,0,0,0,0,0,0,0,0,0,,33899456,https://vladivostok.drom.ru/honda/inspire/33899456.html,660000
9,2,1,2003,4,2019,2,200,285000,1,1,2,3,2,1,0,21837,3.5,0,0,0,0,0,0,0,1,0,0,0,0,0,0,0,0,0,0,0,0,0,0,0,,35331138,https://irkutsk.drom.ru/honda/inspire/35331138.html,400000
9,2,1,2003,4,2019,2,250,96657,1,1,2,3,2,1,0,21837,3.5,0,0,0,0,0,0,0,1,0,0,0,0,0,0,0,0,0,0,0,0,0,0,0,,35549451,https://magadan.drom.ru/honda/inspire/35549451.html,490000
9,2,1,2003,4,2019,2,250,285000,1,1,2,3,2,1,0,21837,3.5,0,0,0,0,0,0,0,1,0,0,0,0,0,0,0,0,0,0,0,0,0,0,0,,35133438,https://blagoveshchensk.drom.ru/honda/inspire/35133438.html,310000
9,2,1,2005,4,2019,2,250,285000,1,1,2,3,2,1,0,21837,3.5,0,0,0,0,0,0,0,1,0,0,0,0,0,0,0,0,0,0,0,0,0,0,0,,35464697,https://irkutsk.drom.ru/honda/inspire/35464697.html,1000000
9,2,1,2003,4,2019,2,250,146644,1,1,2,3,2,1,0,21837,3.5,0,0,0,0,0,0,0,1,0,0,0,0,0,0,0,0,0,0,0,0,0,0,0,,35840966,https://novosibirsk.drom.ru/honda/inspire/35840966.html,575000
9,2,1,2006,4,2019,2,300,93206,0,1,2,3,2,1,0,21837,3.5,0,0,0,0,0,0,0,1,0,0,0,0,0,0,0,0,0,0,0,0,0,0,0,,35372646,https://vladivostok.drom.ru/honda/legend/35372646.html,575000
9,2,1,2003,4,2019,2,250,77671,1,1,2,3,2,1,0,21837,3.5,0,0,0,0,0,0,0,1,0,0,0,0,0,0,0,0,0,0,0,0,0,0,0,,32085052,https://irkutsk.drom.ru/honda/inspire/32085052.html,380000
9,2,1,2005,4,2019,2,250,149750,1,1,2,3,2,1,0,21837,3.5,0,0,0,0,0,0,0,1,0,0,0,0,0,0,0,0,0,0,0,0,0,0,0,,35817623,https://novosibirsk.drom.ru/honda/inspire/35817623.html,590000
9,2,1,2003,4,2019,2,260,66500,1,1,2,3,2,1,0,21837,3.5,0,0,0,0,0,0,0,1,0,0,0,0,0,0,0,0,0,0,0,0,0,0,0,,35814620,https://habarovsk.drom.ru/honda/saber/35814620.html,200000
9,2,1,2003,4,2019,2,250,86992,1,1,2,3,2,1,0,21837,3.5,0,0,0,0,0,0,0,1,0,0,0,0,0,0,0,0,0,0,0,0,0,0,0,,35800927,https://komsomolsk.drom.ru/honda/inspire/35800927.html,530000
9,2,1,2005,4,2019,2,300,80778,0,1,2,3,2,1,0,21837,3.5,0,0,0,0,0,0,0,1,0,0,0,0,0,0,0,0,0,0,0,0,0,0,0,,35240954,https://barnaul.drom.ru/honda/legend/35240954.html,590000
9,2,1,2005,4,2019,2,250,135459,1,1,2,3,2,1,0,21837,3.5,0,0,0,0,0,0,0,1,0,0,0,0,0,0,0,0,0,0,0,0,0,0,0,,34610348,https://ulan-ude.drom.ru/honda/inspire/34610348.html,500000
9,2,1,2003,4,2019,2,250,285000,1,1,2,3,2,1,0,21837,3.5,0,0,0,0,0,0,0,1,0,0,0,0,0,0,0,0,0,0,0,0,0,0,0,,35797911,https://novosibirsk.drom.ru/honda/inspire/35797911.html,300000
9,2,1,2003,4,2019,2,250,201946,1,1,2,3,2,1,0,21837,3.5,0,0,0,0,0,0,0,1,0,0,0,0,0,0,0,0,0,0,0,0,0,0,0,,34316234,https://yakutsk.drom.ru/honda/inspire/34316234.html,310000
9,2,1,2005,4,2019,2,250,285000,1,1,2,3,2,1,0,21837,3.5,0,0,0,0,0,0,0,1,0,0,0,0,0,0,0,0,0,0,0,0,0,0,0,,35575553,https://petropavlovsk-kamchatskiy.drom.ru/honda/inspire/35575553.html,550000
9,2,1,2002,4,2019,2,260,285000,1,1,2,3,2,1,0,21837,3.5,0,0,0,0,0,0,0,1,0,0,0,0,0,0,0,0,0,0,0,0,0,0,0,,35796913,https://nizhnevartovsk.drom.ru/honda/saber/35796913.html,170000
9,2,1,2003,4,2019,2,250,85128,1,1,2,3,2,1,0,21837,3.5,0,0,0,0,0,0,0,1,0,0,0,0,0,0,0,0,0,0,0,0,0,0,0,,35787814,https://irkutsk.drom.ru/honda/inspire/35787814.html,160000
9,2,1,2005,4,2019,2,300,55302,0,1,2,3,2,1,0,21837,3.5,0,0,0,0,0,0,0,1,0,0,0,0,0,0,0,0,0,0,0,0,0,0,0,,35785617,https://krasnoyarsk.drom.ru/honda/legend/35785617.html,360000
9,2,1,2003,4,2019,2,250,69594,1,1,2,3,2,1,0,21837,3.5,0,0,0,0,0,0,0,1,0,0,0,0,0,0,0,0,0,0,0,0,0,0,0,,35783164,https://rostov-na-donu.drom.ru/honda/inspire/35783164.html,265000
9,2,1,2003,4,2019,2,250,173984,1,1,2,3,2,1,0,21837,3.5,0,0,0,0,0,0,0,1,0,0,0,0,0,0,0,0,0,0,0,0,0,0,0,,35775739,https://krasnoyarsk.drom.ru/honda/inspire/35775739.html,550000
9,2,1,2002,4,2019,2,260,285000,1,1,2,3,2,1,0,21837,3.5,0,0,0,0,0,0,0,1,0,0,0,0,0,0,0,0,0,0,0,0,0,0,0,,34339034,https://svobodniy.drom.ru/honda/inspire/34339034.html,147000
9,2,1,2003,4,2019,2,250,155343,1,1,2,3,2,1,0,21837,3.5,0,0,0,0,0,0,0,1,0,0,0,0,0,0,0,0,0,0,0,0,0,0,0,,35754596,https://angarsk.drom.ru/honda/inspire/35754596.html,480000
9,2,1,2003,4,2019,2,250,127508,1,1,2,3,2,1,0,21837,3.5,0,0,0,0,0,0,0,1,0,0,0,0,0,0,0,0,0,0,0,0,0,0,0,,34250163,https://komsomolsk.drom.ru/honda/inspire/34250163.html,390000
9,2,1,2005,4,2019,2,295,68972,0,1,2,3,2,1,0,21837,3.5,0,0,0,0,0,0,0,1,0,0,0,0,0,0,0,0,0,0,0,0,0,0,0,,34953682,https://chelyabinsk.drom.ru/honda/legend/34953682.html,335000
9,2,1,2006,4,2019,2,295,285000,0,2,2,3,2,1,0,21837,3.5,0,0,0,0,0,0,0,1,0,0,0,0,0,0,0,0,0,0,0,0,0,0,0,,35358947,https://vladivostok.drom.ru/honda/legend/35358947.html,350000
9,2,1,2005,4,2019,2,250,70215,1,1,2,3,2,1,0,21837,3.5,0,0,0,0,0,0,0,1,0,0,0,0,0,0,0,0,0,0,0,0,0,0,0,,35231732,https://belovo.drom.ru/honda/inspire/35231732.html,300000
9,2,1,2003,4,2019,2,250,108740,1,1,2,3,2,1,0,21837,3.5,0,0,0,0,0,0,0,1,0,0,0,0,0,0,0,0,0,0,0,0,0,0,0,,34871377,https://irkutsk.drom.ru/honda/inspire/34871377.html,530000
9,2,1,2005,4,2019,2,250,285000,1,1,2,3,2,1,0,21837,3.5,0,0,0,0,0,0,0,1,0,0,0,0,0,0,0,0,0,0,0,0,0,0,0,,35086393,https://habarovsk.drom.ru/honda/inspire/35086393.html,60000
9,2,1,2003,4,2019,2,250,139809,1,1,2,3,2,1,0,21837,3.5,0,0,0,0,0,0,0,1,0,0,0,0,0,0,0,0,0,0,0,0,0,0,0,,33884022,https://novosibirsk.drom.ru/honda/inspire/33884022.html,450000
9,2,1,2002,4,2019,2,215,285000,1,1,2,3,2,1,0,21837,3.5,0,0,0,0,0,0,0,1,0,0,0,0,0,0,0,0,0,0,0,0,0,0,0,,35581678,https://habarovsk.drom.ru/honda/legend/35581678.html,390000
9,2,1,2003,4,2019,2,250,285000,1,1,2,3,2,1,0,21837,3.5,0,0,0,0,0,0,0,1,0,0,0,0,0,0,0,0,0,0,0,0,0,0,0,,35576550,https://sredniy.drom.ru/honda/inspire/35576550.html,699999
9,2,1,2002,4,2019,2,215,63380,1,1,2,3,2,1,0,21837,3.5,0,0,0,0,0,0,0,1,0,0,0,0,0,0,0,0,0,0,0,0,0,0,0,,33464531,https://komsomolsk.drom.ru/honda/legend/33464531.html,420000
9,2,1,2006,4,2019,2,295,105633,0,2,2,3,2,1,0,21837,3.5,0,0,0,0,0,0,0,1,0,0,0,0,0,0,0,0,0,0,0,0,0,0,0,,30461241,https://muravlenko.drom.ru/honda/legend/30461241.html,1350000
9,2,1,2005,4,2019,2,250,39146,1,1,2,3,2,1,0,21837,3.5,0,0,0,0,0,0,0,1,0,0,0,0,0,0,0,0,0,0,0,0,0,0,0,,34337218,https://balyaga.drom.ru/honda/inspire/34337218.html,295000
9,2,1,2003,4,2019,2,250,621,1,1,2,3,2,1,0,21837,3.5,0,0,0,0,0,0,0,1,0,0,0,0,0,0,0,0,0,0,0,0,0,0,0,,32864802,https://blagoveshchensk.drom.ru/honda/inspire/32864802.html,370000
9,2,1,2004,4,2019,2,300,285000,0,1,2,3,2,1,0,21837,3.5,0,0,0,0,0,0,0,1,0,0,0,0,0,0,0,0,0,0,0,0,0,0,0,,33988421,https://vladivostok.drom.ru/honda/legend/33988421.html,689000
9,2,1,2004,4,2019,2,250,285000,1,1,2,3,2,1,0,21837,3.5,0,0,0,0,0,0,0,1,0,0,0,0,0,0,0,0,0,0,0,0,0,0,0,,35424086,https://vladivostok.drom.ru/honda/inspire/35424086.html,130000
9,2,1,2004,4,2019,2,300,285000,0,1,2,3,2,1,0,21837,3.5,0,0,0,0,0,0,0,1,0,0,0,0,0,0,0,0,0,0,0,0,0,0,0,,27056973,https://vladivostok.drom.ru/honda/legend/27056973.html,330000
9,2,1,2002,4,2019,2,260,133595,1,1,2,3,2,1,0,21837,3.5,0,0,0,0,0,0,0,1,0,0,0,0,0,0,0,0,0,0,0,0,0,0,0,,34797896,https://irkutsk.drom.ru/honda/saber/34797896.html,415000
9,2,1,2004,4,2019,2,300,99419,0,1,2,3,2,1,0,21837,3.5,0,0,0,0,0,0,0,1,0,0,0,0,0,0,0,0,0,0,0,0,0,0,0,,35054249,https://vladivostok.drom.ru/honda/legend/35054249.html,550000
9,2,1,2003,4,2019,2,250,164042,1,1,2,3,2,1,0,21837,3.5,0,0,0,0,0,0,0,1,0,0,0,0,0,0,0,0,0,0,0,0,0,0,0,,35021842,https://novosibirsk.drom.ru/honda/inspire/35021842.html,399000
9,2,1,2006,4,2019,2,300,87613,0,1,2,3,2,1,0,21837,3.5,0,0,0,0,0,0,0,1,0,0,0,0,0,0,0,0,0,0,0,0,0,0,0,,34522938,https://habarovsk.drom.ru/honda/legend/34522938.html,199000
9,2,1,2006,4,2019,2,295,113400,0,2,2,3,2,1,0,21837,3.5,0,0,0,0,0,0,0,1,0,0,0,0,0,0,0,0,0,0,0,0,0,0,0,,33750365,https://abakan.drom.ru/honda/legend/33750365.html,500000
9,2,1,2004,4,2019,2,250,118061,1,1,2,3,2,1,0,21837,3.5,0,0,0,0,0,0,0,1,0,0,0,0,0,0,0,0,0,0,0,0,0,0,0,,34616110,https://novosibirsk.drom.ru/honda/inspire/34616110.html,300000
9,2,1,2004,4,2019,2,295,142915,0,1,2,3,2,1,0,21837,3.5,0,0,0,0,0,0,0,1,0,0,0,0,0,0,0,0,0,0,0,0,0,0,0,,35022687,https://chita.drom.ru/honda/legend/35022687.html,280000
9,2,1,2004,4,2019,2,250,160935,1,1,2,3,2,1,0,21837,3.5,0,0,0,0,0,0,0,1,0,0,0,0,0,0,0,0,0,0,0,0,0,0,0,,35239098,https://novosibirsk.drom.ru/honda/inspire/35239098.html,570000
9,2,1,2003,4,2019,2,250,173984,1,1,2,3,2,1,0,21837,3.5,0,0,0,0,0,0,0,1,0,0,0,0,0,0,0,0,0,0,0,0,0,0,0,,35300386,https://dalnerechensk.drom.ru/honda/inspire/35300386.html,480000
9,2,1,2006,4,2019,2,300,285000,0,1,2,3,2,1,0,21837,3.5,0,0,0,0,0,0,0,1,0,0,0,0,0,0,0,0,0,0,0,0,0,0,0,,33188289,https://chita.drom.ru/honda/legend/33188289.html,800000
9,2,1,2003,4,2019,2,250,111847,1,1,2,3,2,1,0,21837,3.5,0,0,0,0,0,0,0,1,0,0,0,0,0,0,0,0,0,0,0,0,0,0,0,,35396436,https://vladivostok.drom.ru/honda/inspire/35396436.html,440000
9,2,1,2003,4,2019,2,250,285000,1,1,2,3,2,1,0,21837,3.5,0,0,0,0,0,0,0,1,0,0,0,0,0,0,0,0,0,0,0,0,0,0,0,,35382930,https://tomsk.drom.ru/honda/inspire/35382930.html,250000
9,2,1,2004,4,2019,2,250,120919,1,1,2,3,2,1,0,21837,3.5,0,0,0,0,0,0,0,1,0,0,0,0,0,0,0,0,0,0,0,0,0,0,0,,34914163,https://svobodniy.drom.ru/honda/inspire/34914163.html,500000
9,2,1,2004,4,2019,2,300,130488,0,2,2,3,2,1,0,21837,3.5,0,0,0,0,0,0,0,1,0,0,0,0,0,0,0,0,0,0,0,0,0,0,0,,34512477,https://chita.drom.ru/honda/legend/34512477.html,600000
9,2,1,2006,4,2019,2,297,80778,0,1,2,3,2,1,0,21837,3.5,0,0,0,0,0,0,0,1,0,0,0,0,0,0,0,0,0,0,0,0,0,0,0,,35369219,https://chelyabinsk.drom.ru/honda/legend/35369219.html,320000
9,2,1,2004,4,2019,2,300,47224,0,1,2,3,2,1,0,21837,3.5,0,0,0,0,0,0,0,1,0,0,0,0,0,0,0,0,0,0,0,0,0,0,0,,35028277,https://verhneuralsk.drom.ru/honda/legend/35028277.html,370000
9,2,1,2003,4,2019,2,250,130488,1,1,2,3,2,1,0,21837,3.5,0,0,0,0,0,0,0,1,0,0,0,0,0,0,0,0,0,0,0,0,0,0,0,,34040186,https://vladivostok.drom.ru/honda/inspire/34040186.html,450000
9,2,1,2005,4,2019,2,300,71458,0,1,2,3,2,1,0,21837,3.5,0,0,0,0,0,0,0,1,0,0,0,0,0,0,0,0,0,0,0,0,0,0,0,,34983740,https://sochi.drom.ru/honda/legend/34983740.html,300000
9,2,1,2005,4,2019,2,300,285000,0,1,2,3,2,1,0,21837,3.5,0,0,0,0,0,0,0,1,0,0,0,0,0,0,0,0,0,0,0,0,0,0,0,,33825440,https://komsomolsk.drom.ru/honda/legend/33825440.html,610000
9,2,1,2002,4,2019,2,260,621,1,1,2,3,2,1,0,21837,3.5,0,0,0,0,0,0,0,1,0,0,0,0,0,0,0,0,0,0,0,0,0,0,0,,35349588,https://dalnerechensk.drom.ru/honda/inspire/35349588.html,500000
9,2,1,2003,4,2019,2,250,124896,1,1,2,3,2,1,0,21837,3.5,0,0,0,0,0,0,0,1,0,0,0,0,0,0,0,0,0,0,0,0,0,0,0,,35344637,https://irkutsk.drom.ru/honda/inspire/35344637.html,375000
9,2,1,2003,4,2019,2,250,122410,1,1,2,3,2,1,0,21837,3.5,0,0,0,0,0,0,0,1,0,0,0,0,0,0,0,0,0,0,0,0,0,0,0,,35333822,https://chita.drom.ru/honda/inspire/35333822.html,397000
