brand,color,fuelType,modelDate,numberOfDoors,productionDate,vehicleTransmission,enginePower,mileage,Привод,Руль,Состояние,Владельцы,ПТС,Таможня,Владение,id,motor,внедорожник,Безопасность,Салон,Мультимедиа,Комфорт,Обзор,Защита от угона,седан,хэтчбек,Элементы экстерьера,Прочее,лифтбек,купе,пикап,минивэн,компактвэн,универсал,родстер,кабриолет,фургон,микровэн,тарга,лимузин,model,car_id,url,price
8,2,2,2008,4,2020,1,136,111847,0,2,2,3,2,1,79833600,26136,2.5,1,7,9,3,10,3,2,0,0,1,1,0,0,1,0,0,0,0,0,0,0,0,0,,35616244,https://tomsk.drom.ru/mitsubishi/l200/35616244.html,700000
8,2,2,2008,4,2020,1,136,102232,0,2,2,3,2,1,33004800,26136,2.5,1,7,9,3,10,3,2,0,0,1,1,0,0,1,0,0,0,0,0,0,0,0,0,,37797569,https://novokuznetsk.drom.ru/mitsubishi/l200/37797569.html,690000
8,2,2,2008,4,2020,2,136,149129,0,2,2,3,2,1,42422400,26136,2.5,1,7,9,3,10,3,2,0,0,1,1,0,0,1,0,0,0,0,0,0,0,0,0,,36935752,https://krasnodar.drom.ru/mitsubishi/l200/36935752.html,665000
8,2,2,2007,4,2020,2,136,220587,0,2,2,2,2,1,239241600,26136,2.5,1,7,9,3,10,3,2,0,0,1,1,0,0,1,0,0,0,0,0,0,0,0,0,,34204872,https://kurgan.drom.ru/mitsubishi/l200/34204872.html,600000
8,2,2,2008,4,2020,1,136,47846,0,2,2,3,2,1,35078400,26136,2.5,1,7,9,3,10,3,2,0,0,1,1,0,0,1,0,0,0,0,0,0,0,0,0,,37333422,https://udachniy.drom.ru/mitsubishi/l200/37333422.html,670000
8,2,2,2006,4,2020,1,99,240471,0,2,2,3,2,1,65577600,26136,2.5,1,7,9,3,10,3,2,0,0,1,1,0,0,1,0,0,0,0,0,0,0,0,0,,37765976,https://moscow.drom.ru/mitsubishi/l200/37765976.html,299000
8,2,2,2008,4,2020,1,136,107808,0,2,2,2,2,1,75168000,26136,2.5,1,7,9,3,10,3,2,0,0,1,1,0,0,1,0,0,0,0,0,0,0,0,0,,37754501,https://moscow.drom.ru/mitsubishi/l200/37754501.html,600000
8,2,2,2007,4,2020,2,136,102588,0,2,2,3,2,1,4060800,26136,2.5,1,7,9,3,10,3,2,0,0,1,1,0,0,1,0,0,0,0,0,0,0,0,0,,37471245,https://krasnoyarsk.drom.ru/mitsubishi/l200/37471245.html,697000
8,2,2,2008,4,2020,2,136,208781,0,2,2,3,2,1,30326400,26136,2.5,1,7,9,3,10,3,2,0,0,1,1,0,0,1,0,0,0,0,0,0,0,0,0,,37733147,https://barnaul.drom.ru/mitsubishi/l200/37733147.html,550000
8,2,2,2008,4,2020,2,136,116196,0,2,2,2,2,1,102470400,26136,2.5,1,7,9,3,10,3,2,0,0,1,1,0,0,1,0,0,0,0,0,0,0,0,0,,35984063,https://blagoveshchensk.drom.ru/mitsubishi/l200/35984063.html,835000
8,2,2,2007,4,2020,1,136,167770,0,2,2,1,2,1,391824000,26136,2.5,1,7,9,3,10,3,2,0,0,1,1,0,0,1,0,0,0,0,0,0,0,0,0,,36922309,https://chelyabinsk.drom.ru/mitsubishi/l200/36922309.html,459000
8,2,2,2007,4,2020,2,136,555555,0,2,2,3,2,1,5011200,26136,2.5,1,7,9,3,10,3,2,0,0,1,1,0,0,1,0,0,0,0,0,0,0,0,0,,37708404,https://gorno-altaysk.drom.ru/mitsubishi/l200/37708404.html,550000
8,2,2,2008,4,2020,2,136,149129,0,2,2,2,2,1,102902400,26136,2.5,1,7,9,3,10,3,2,0,0,1,1,0,0,1,0,0,0,0,0,0,0,0,0,,37402726,https://abakan.drom.ru/mitsubishi/l200/37402726.html,675000
8,2,2,2008,4,2020,1,136,136702,0,2,2,2,2,1,209692800,26136,2.5,1,7,9,3,10,3,2,0,0,1,1,0,0,1,0,0,0,0,0,0,0,0,0,,37298421,https://sochi.drom.ru/mitsubishi/l200/37298421.html,600000
8,2,2,2007,4,2020,1,136,93206,0,2,2,3,2,1,158803200,26136,2.5,1,7,9,3,10,3,2,0,0,1,1,0,0,1,0,0,0,0,0,0,0,0,0,,34329316,https://belovo.drom.ru/mitsubishi/l200/34329316.html,820000
8,2,2,2007,4,2020,1,136,555555,0,2,2,3,2,1,90720000,26136,2.5,1,7,9,3,10,3,2,0,0,1,1,0,0,1,0,0,0,0,0,0,0,0,0,,28530261,https://gorno-altaysk.drom.ru/mitsubishi/l200/28530261.html,600000
8,2,2,2006,4,2020,1,99,62136,0,2,2,3,2,1,36806400,26136,2.5,1,7,9,3,10,3,2,0,0,1,1,0,0,1,0,0,0,0,0,0,0,0,0,,37672499,https://sevastopol.drom.ru/mitsubishi/l200/37672499.html,999000
8,2,2,2007,4,2020,2,136,155343,0,2,2,3,2,1,24364800,26136,2.5,1,7,9,3,10,3,2,0,0,1,1,0,0,1,0,0,0,0,0,0,0,0,0,,36882341,https://dzhankoy.drom.ru/mitsubishi/l200/36882341.html,640000
8,2,2,2008,4,2020,1,136,142915,0,2,2,2,2,1,51926400,26136,2.5,1,7,9,3,10,3,2,0,0,1,1,0,0,1,0,0,0,0,0,0,0,0,0,,37657256,https://askiz.drom.ru/mitsubishi/l200/37657256.html,700000
8,2,2,2008,4,2020,1,136,97555,0,2,2,1,2,1,361843200,26136,2.5,1,7,9,3,10,3,2,0,0,1,1,0,0,1,0,0,0,0,0,0,0,0,0,,37045630,https://omsk.drom.ru/mitsubishi/l200/37045630.html,670000
8,2,2,2007,4,2020,1,119,114954,0,2,2,3,2,1,41385600,26136,2.5,1,7,9,3,10,3,2,0,0,1,1,0,0,1,0,0,0,0,0,0,0,0,0,,37637116,https://simferopol.drom.ru/mitsubishi/l200/37637116.html,650000
8,2,2,2007,4,2020,1,136,112468,0,2,2,3,2,1,118800000,26136,2.5,1,7,9,3,10,3,2,0,0,1,1,0,0,1,0,0,0,0,0,0,0,0,0,,36450843,https://tyumen.drom.ru/mitsubishi/l200/36450843.html,820000
8,2,2,2008,4,2020,2,136,71458,0,2,2,0,2,1,0,26136,2.5,1,7,9,3,10,3,2,0,0,1,1,0,0,1,0,0,0,0,0,0,0,0,0,,35302688,https://abakan.drom.ru/mitsubishi/l200/35302688.html,900000
8,2,2,2008,4,2020,1,136,88548,0,2,2,2,2,1,2419200,26136,2.5,1,7,9,3,10,3,2,0,0,1,1,0,0,1,0,0,0,0,0,0,0,0,0,,37626746,https://ekaterinburg.drom.ru/mitsubishi/l200/37626746.html,810000
8,2,2,2007,4,2020,2,136,99419,0,2,2,3,2,1,103334400,26136,2.5,1,7,9,3,10,3,2,0,0,1,1,0,0,1,0,0,0,0,0,0,0,0,0,,30135708,https://tyumen.drom.ru/mitsubishi/l200/30135708.html,750000
8,2,2,2008,4,2020,2,136,122410,0,2,2,3,2,1,70588800,26136,2.5,1,7,9,3,10,3,2,0,0,1,1,0,0,1,0,0,0,0,0,0,0,0,0,,35212118,https://usoliye-sibirskoe.drom.ru/mitsubishi/l200/35212118.html,680000
8,2,2,2008,4,2020,1,136,90099,0,2,2,2,2,1,103593600,26136,2.5,1,7,9,3,10,3,2,0,0,1,1,0,0,1,0,0,0,0,0,0,0,0,0,,37300623,https://surgut.drom.ru/mitsubishi/l200/37300623.html,470000
8,2,2,2008,4,2020,2,136,555555,0,2,2,3,2,1,222134400,26136,2.5,1,7,9,3,10,3,2,0,0,1,1,0,0,1,0,0,0,0,0,0,0,0,0,,36530978,https://novosibirsk.drom.ru/mitsubishi/l200/36530978.html,696000
8,2,2,2004,4,2020,1,100,82021,0,2,2,3,2,1,11664000,26136,2.5,1,7,9,3,10,3,2,0,0,1,1,0,0,1,0,0,0,0,0,0,0,0,0,,37604268,https://moscow.drom.ru/mitsubishi/l200/37604268.html,350000
8,2,2,2008,4,2020,2,136,555555,0,2,2,2,2,1,248659200,26136,2.5,1,7,9,3,10,3,2,0,0,1,1,0,0,1,0,0,0,0,0,0,0,0,0,,37235507,https://tyumen.drom.ru/mitsubishi/l200/37235507.html,755000
8,2,2,2008,4,2020,2,136,555555,0,2,2,2,2,1,102124800,26136,2.5,1,7,9,3,10,3,2,0,0,1,1,0,0,1,0,0,0,0,0,0,0,0,0,,37513483,https://abakan.drom.ru/mitsubishi/l200/37513483.html,699000
8,2,2,2008,4,2020,1,136,621,0,2,2,2,2,1,59788800,26136,2.5,1,7,9,3,10,3,2,0,0,1,1,0,0,1,0,0,0,0,0,0,0,0,0,,36387625,https://biysk.drom.ru/mitsubishi/l200/36387625.html,750000
8,2,2,2008,4,2020,1,136,85376,0,2,2,2,2,1,864000,26136,2.5,1,7,9,3,10,3,2,0,0,1,1,0,0,1,0,0,0,0,0,0,0,0,0,,37565878,https://krasnodar.drom.ru/mitsubishi/l200/37565878.html,777000
8,2,2,2007,4,2020,2,136,166527,0,2,2,1,2,1,306547200,26136,2.5,1,7,9,3,10,3,2,0,0,1,1,0,0,1,0,0,0,0,0,0,0,0,0,,37557515,https://ekaterinburg.drom.ru/mitsubishi/l200/37557515.html,620000
8,2,2,2007,4,2020,2,136,172120,0,2,2,2,2,1,44582400,26136,2.5,1,7,9,3,10,3,2,0,0,1,1,0,0,1,0,0,0,0,0,0,0,0,0,,34410730,https://barnaul.drom.ru/mitsubishi/l200/34410730.html,670000
8,2,2,2008,4,2020,1,136,75807,0,2,2,3,2,1,72316800,26136,2.5,1,7,9,3,10,3,2,0,0,1,1,0,0,1,0,0,0,0,0,0,0,0,0,,37547030,https://norilsk.drom.ru/mitsubishi/l200/37547030.html,650000
8,2,2,2007,4,2020,1,136,102533,0,2,2,3,2,1,324864000,26136,2.5,1,7,9,3,10,3,2,0,0,1,1,0,0,1,0,0,0,0,0,0,0,0,0,,37539450,https://tyumen.drom.ru/mitsubishi/l200/37539450.html,495000
8,2,2,2005,4,2020,1,100,152236,0,2,2,3,2,1,396921600,26136,2.5,1,7,9,3,10,3,2,0,0,1,1,0,0,1,0,0,0,0,0,0,0,0,0,,37531076,https://moscow.drom.ru/mitsubishi/l200/37531076.html,600000
8,2,2,2008,4,2020,1,136,555555,0,2,2,3,2,1,20131200,26136,2.5,1,7,9,3,10,3,2,0,0,1,1,0,0,1,0,0,0,0,0,0,0,0,0,,36796258,https://omsk.drom.ru/mitsubishi/l200/36796258.html,630000
8,2,2,2007,4,2020,1,136,81740,0,2,2,2,2,1,287712000,26136,2.5,1,7,9,3,10,3,2,0,0,1,1,0,0,1,0,0,0,0,0,0,0,0,0,,35831690,https://kolomna.drom.ru/mitsubishi/l200/35831690.html,630000
8,2,2,2007,4,2020,1,136,100041,0,2,2,3,2,1,75513600,26136,2.5,1,7,9,3,10,3,2,0,0,1,1,0,0,1,0,0,0,0,0,0,0,0,0,,37506676,https://chita.drom.ru/mitsubishi/l200/37506676.html,710000
8,2,2,2007,4,2020,2,136,158450,0,2,2,2,2,1,338688000,26136,2.5,1,7,9,3,10,3,2,0,0,1,1,0,0,1,0,0,0,0,0,0,0,0,0,,37491772,https://krasnoyarsk.drom.ru/mitsubishi/l200/37491772.html,600000
8,2,2,2007,4,2020,2,136,161557,0,2,2,3,2,1,170380800,26136,2.5,1,7,9,3,10,3,2,0,0,1,1,0,0,1,0,0,0,0,0,0,0,0,0,,37490886,https://ekaterinburg.drom.ru/mitsubishi/l200/37490886.html,480000
8,2,2,2008,4,2020,2,136,128002,0,2,2,3,2,1,12441600,26136,2.5,1,7,9,3,10,3,2,0,0,1,1,0,0,1,0,0,0,0,0,0,0,0,0,,37488909,https://minvody.drom.ru/mitsubishi/l200/37488909.html,690000
8,2,2,2007,4,2020,2,136,105931,0,2,2,3,2,1,148867200,26136,2.5,1,7,9,3,10,3,2,0,0,1,1,0,0,1,0,0,0,0,0,0,0,0,0,,37312438,https://irkutsk.drom.ru/mitsubishi/l200/37312438.html,585000
8,2,2,2007,4,2020,1,136,177091,0,2,2,3,2,1,77414400,26136,2.5,1,7,9,3,10,3,2,0,0,1,1,0,0,1,0,0,0,0,0,0,0,0,0,,37477544,https://krasnoyarsk.drom.ru/mitsubishi/l200/37477544.html,390000
8,2,2,2008,4,2020,1,136,99419,0,2,2,3,2,1,96508800,26136,2.5,1,7,9,3,10,3,2,0,0,1,1,0,0,1,0,0,0,0,0,0,0,0,0,,37474553,https://habarovsk.drom.ru/mitsubishi/l200/37474553.html,770000
8,2,2,2007,4,2020,2,136,126138,0,2,2,3,2,1,58924800,26136,2.5,1,7,9,3,10,3,2,0,0,1,1,0,0,1,0,0,0,0,0,0,0,0,0,,36987097,https://usk-kut.drom.ru/mitsubishi/l200/36987097.html,680000
8,2,2,2008,4,2020,1,136,104639,0,2,2,2,2,1,1468800,26136,2.5,1,7,9,3,10,3,2,0,0,1,1,0,0,1,0,0,0,0,0,0,0,0,0,,37470708,https://ekaterinburg.drom.ru/mitsubishi/l200/37470708.html,705000
8,2,2,2007,4,2020,2,136,110604,0,2,2,3,2,1,864000,26136,2.5,1,7,9,3,10,3,2,0,0,1,1,0,0,1,0,0,0,0,0,0,0,0,0,,36381956,https://novosibirsk.drom.ru/mitsubishi/l200/36381956.html,765000
8,2,2,2008,4,2020,2,136,142915,0,2,2,0,2,1,0,26136,2.5,1,7,9,3,10,3,2,0,0,1,1,0,0,1,0,0,0,0,0,0,0,0,0,,35224648,https://barnaul.drom.ru/mitsubishi/l200/35224648.html,705000
8,2,2,2008,4,2020,2,136,111847,0,2,2,1,2,1,368668800,26136,2.5,1,7,9,3,10,3,2,0,0,1,1,0,0,1,0,0,0,0,0,0,0,0,0,,37450191,https://krasnoyarsk.drom.ru/mitsubishi/l200/37450191.html,817000
8,2,2,2008,4,2020,2,136,111847,0,2,2,1,2,1,355795200,26136,2.5,1,7,9,3,10,3,2,0,0,1,1,0,0,1,0,0,0,0,0,0,0,0,0,,35195650,https://novosibirsk.drom.ru/mitsubishi/l200/35195650.html,600000
8,2,2,2008,4,2020,2,136,105633,0,2,2,3,2,1,88128000,26136,2.5,1,7,9,3,10,3,2,0,0,1,1,0,0,1,0,0,0,0,0,0,0,0,0,,36742820,https://tyumen.drom.ru/mitsubishi/l200/36742820.html,730000
8,2,2,2007,4,2020,2,136,145214,0,2,2,3,2,1,181526400,26136,2.5,1,7,9,3,10,3,2,0,0,1,1,0,0,1,0,0,0,0,0,0,0,0,0,,37428586,https://chelyabinsk.drom.ru/mitsubishi/l200/37428586.html,750000
8,2,2,2008,4,2020,1,136,109175,0,2,2,3,2,1,128995200,26136,2.5,1,7,9,3,10,3,2,0,0,1,1,0,0,1,0,0,0,0,0,0,0,0,0,,35772779,https://krasnoyarsk.drom.ru/mitsubishi/l200/35772779.html,675000
8,2,2,2008,4,2020,1,136,555555,0,2,2,1,2,1,361065600,26136,2.5,1,7,9,3,10,3,2,0,0,1,1,0,0,1,0,0,0,0,0,0,0,0,0,,37036670,https://krasnodar.drom.ru/mitsubishi/l200/37036670.html,650000
8,2,2,2007,4,2020,2,136,555555,0,2,2,3,2,1,54777600,26136,2.5,1,7,9,3,10,3,2,0,0,1,1,0,0,1,0,0,0,0,0,0,0,0,0,,37400137,https://abakan.drom.ru/mitsubishi/l200/37400137.html,749000
8,2,2,2007,4,2020,1,119,105633,0,2,2,3,2,1,39744000,26136,2.5,1,7,9,3,10,3,2,0,0,1,1,0,0,1,0,0,0,0,0,0,0,0,0,,33187580,https://sevastopol.drom.ru/mitsubishi/l200/33187580.html,640000
8,2,2,2008,4,2020,1,136,159692,0,2,2,1,2,1,325641600,26136,2.5,1,7,9,3,10,3,2,0,0,1,1,0,0,1,0,0,0,0,0,0,0,0,0,,35647606,https://tyumen.drom.ru/mitsubishi/l200/35647606.html,545000
8,2,2,2008,4,2020,1,136,107365,0,2,2,2,2,1,72662400,26136,2.5,1,7,9,3,10,3,2,0,0,1,1,0,0,1,0,0,0,0,0,0,0,0,0,,37374900,https://moscow.drom.ru/mitsubishi/l200/37374900.html,490000
8,2,2,2008,4,2020,1,136,119925,0,2,2,0,2,1,0,26136,2.5,1,7,9,3,10,3,2,0,0,1,1,0,0,1,0,0,0,0,0,0,0,0,0,,37370507,https://malysheva.drom.ru/mitsubishi/l200/37370507.html,550000
8,2,2,2008,4,2020,2,136,64001,0,2,2,1,2,1,374716800,26136,2.5,1,7,9,3,10,3,2,0,0,1,1,0,0,1,0,0,0,0,0,0,0,0,0,,35927187,https://novosibirsk.drom.ru/mitsubishi/l200/35927187.html,850000
8,2,2,2008,4,2020,2,136,133595,0,2,2,3,2,1,259459200,26136,2.5,1,7,9,3,10,3,2,0,0,1,1,0,0,1,0,0,0,0,0,0,0,0,0,,37271617,https://krasnoyarsk.drom.ru/mitsubishi/l200/37271617.html,695000
8,2,2,2008,4,2020,1,136,94448,0,2,2,2,2,1,263001600,26136,2.5,1,7,9,3,10,3,2,0,0,1,1,0,0,1,0,0,0,0,0,0,0,0,0,,37354828,https://perm.drom.ru/mitsubishi/l200/37354828.html,630000
8,2,2,2007,4,2020,1,136,114022,0,2,2,1,2,1,384825600,26136,2.5,1,7,9,3,10,3,2,0,0,1,1,0,0,1,0,0,0,0,0,0,0,0,0,,36841164,https://barnaul.drom.ru/mitsubishi/l200/36841164.html,699000
8,2,2,2008,4,2020,1,136,165906,0,2,2,3,2,1,123465600,26136,2.5,1,7,9,3,10,3,2,0,0,1,1,0,0,1,0,0,0,0,0,0,0,0,0,,36950353,https://moscow.drom.ru/mitsubishi/l200/36950353.html,615000
8,2,2,2007,4,2020,1,136,155343,0,2,2,3,2,1,35856000,26136,2.5,1,7,9,3,10,3,2,0,0,1,1,0,0,1,0,0,0,0,0,0,0,0,0,,35860834,https://tyumen.drom.ru/mitsubishi/l200/35860834.html,560000
8,2,2,2008,4,2020,2,136,109361,0,2,2,3,2,1,118281600,26136,2.5,1,7,9,3,10,3,2,0,0,1,1,0,0,1,0,0,0,0,0,0,0,0,0,,37331503,https://novosibirsk.drom.ru/mitsubishi/l200/37331503.html,680000
8,2,2,2007,4,2020,1,136,95070,0,2,2,3,2,1,40003200,26136,2.5,1,7,9,3,10,3,2,0,0,1,1,0,0,1,0,0,0,0,0,0,0,0,0,,36956089,https://karpinsk.drom.ru/mitsubishi/l200/36956089.html,600000
8,2,2,2008,4,2020,1,136,186411,0,2,2,3,2,1,1641600,26136,2.5,1,7,9,3,10,3,2,0,0,1,1,0,0,1,0,0,0,0,0,0,0,0,0,,37321427,https://habarovsk.drom.ru/mitsubishi/l200/37321427.html,610000
8,2,2,2008,4,2020,1,136,117439,0,2,2,1,2,1,367632000,26136,2.5,1,7,9,3,10,3,2,0,0,1,1,0,0,1,0,0,0,0,0,0,0,0,0,,37320785,https://moscow.drom.ru/mitsubishi/l200/37320785.html,650000
8,2,2,2004,4,2020,1,99,191382,0,2,2,3,2,1,-777600,26136,2.5,1,7,9,3,10,3,2,0,0,1,1,0,0,1,0,0,0,0,0,0,0,0,0,,37318175,https://moscow.drom.ru/mitsubishi/l200/37318175.html,420000
8,2,2,2008,4,2020,2,136,150993,0,2,2,3,2,1,186537600,26136,2.5,1,7,9,3,10,3,2,0,0,1,1,0,0,1,0,0,0,0,0,0,0,0,0,,37310228,https://moscow.drom.ru/mitsubishi/l200/37310228.html,600000
8,2,2,2007,4,2020,2,136,132973,0,2,2,3,2,1,1123200,26136,2.5,1,7,9,3,10,3,2,0,0,1,1,0,0,1,0,0,0,0,0,0,0,0,0,,37058539,https://khanty-mansiysk.drom.ru/mitsubishi/l200/37058539.html,530000
8,2,2,2007,4,2020,2,136,106876,0,2,2,3,2,1,72921600,26136,2.5,1,7,9,3,10,3,2,0,0,1,1,0,0,1,0,0,0,0,0,0,0,0,0,,37269114,https://irkutsk.drom.ru/mitsubishi/l200/37269114.html,798000
8,2,2,2007,4,2020,1,136,126760,0,2,2,1,2,1,383788800,26136,2.5,1,7,9,3,10,3,2,0,0,1,1,0,0,1,0,0,0,0,0,0,0,0,0,,37143114,https://novosibirsk.drom.ru/mitsubishi/l200/37143114.html,690000
8,2,2,2008,4,2020,2,136,111847,0,2,2,3,2,1,99532800,26136,2.5,1,7,9,3,10,3,2,0,0,1,1,0,0,1,0,0,0,0,0,0,0,0,0,,37287842,https://kurgan.drom.ru/mitsubishi/l200/37287842.html,700000
8,2,2,2005,4,2020,1,99,161557,0,2,2,3,2,1,11059200,26136,2.5,1,7,9,3,10,3,2,0,0,1,1,0,0,1,0,0,0,0,0,0,0,0,0,,37257833,https://salehard.drom.ru/mitsubishi/l200/37257833.html,330000
8,2,2,2007,4,2020,2,136,112468,0,2,2,0,2,1,0,26136,2.5,1,7,9,3,10,3,2,0,0,1,1,0,0,1,0,0,0,0,0,0,0,0,0,,36577600,https://horol.drom.ru/mitsubishi/l200/36577600.html,850000
8,2,2,2008,4,2020,2,136,134838,0,2,2,3,2,1,258508800,26136,2.5,1,7,9,3,10,3,2,0,0,1,1,0,0,1,0,0,0,0,0,0,0,0,0,,36916292,https://krasnoyarsk.drom.ru/mitsubishi/l200/36916292.html,700000
8,2,2,2008,4,2020,1,136,104515,0,2,2,3,2,1,202867200,26136,2.5,1,7,9,3,10,3,2,0,0,1,1,0,0,1,0,0,0,0,0,0,0,0,0,,36635249,https://krasnoyarsk.drom.ru/mitsubishi/l200/36635249.html,699000
8,2,2,2008,4,2020,1,136,131731,0,2,2,3,2,1,3888000,26136,2.5,1,7,9,3,10,3,2,0,0,1,1,0,0,1,0,0,0,0,0,0,0,0,0,,36851102,https://severouralsk.drom.ru/mitsubishi/l200/36851102.html,580000
8,2,2,2005,4,2020,1,100,115575,0,2,2,0,2,1,0,26136,2.5,1,7,9,3,10,3,2,0,0,1,1,0,0,1,0,0,0,0,0,0,0,0,0,,37202907,https://barnaul.drom.ru/mitsubishi/l200/37202907.html,600000
8,2,2,2008,4,2020,1,136,143537,0,2,2,2,2,1,17798400,26136,2.5,1,7,9,3,10,3,2,0,0,1,1,0,0,1,0,0,0,0,0,0,0,0,0,,36820683,https://ussuriisk.drom.ru/mitsubishi/l200/36820683.html,850000
8,2,2,2008,4,2020,2,136,60273,0,2,2,3,2,1,62035200,26136,2.5,1,7,9,3,10,3,2,0,0,1,1,0,0,1,0,0,0,0,0,0,0,0,0,,35218938,https://magadan.drom.ru/mitsubishi/l200/35218938.html,950000
8,2,2,2008,4,2020,1,136,87096,0,2,2,0,2,1,0,26136,2.5,1,7,9,3,10,3,2,0,0,1,1,0,0,1,0,0,0,0,0,0,0,0,0,,36826896,https://beliy-yar.drom.ru/mitsubishi/l200/36826896.html,720000
8,2,2,2008,4,2020,1,136,89477,0,2,2,2,2,1,95472000,26136,2.5,1,7,9,3,10,3,2,0,0,1,1,0,0,1,0,0,0,0,0,0,0,0,0,,37122436,https://krasnoyarsk.drom.ru/mitsubishi/l200/37122436.html,638000
8,2,2,2007,4,2020,2,136,205052,0,2,2,2,2,1,136080000,26136,2.5,1,7,9,3,10,3,2,0,0,1,1,0,0,1,0,0,0,0,0,0,0,0,0,,37195329,https://novorossiysk.drom.ru/mitsubishi/l200/37195329.html,650000
8,2,2,2008,4,2020,2,136,74565,0,2,2,3,2,1,6393600,26136,2.5,1,7,9,3,10,3,2,0,0,1,1,0,0,1,0,0,0,0,0,0,0,0,0,,36169662,https://krasnoyarsk.drom.ru/mitsubishi/l200/36169662.html,737000
8,2,2,2007,4,2020,1,170,155343,0,2,2,3,2,1,4665600,26136,2.5,1,7,9,3,10,3,2,0,0,1,1,0,0,1,0,0,0,0,0,0,0,0,0,,36516711,https://ekaterinburg.drom.ru/mitsubishi/l200/36516711.html,500000
8,2,2,2005,4,2020,1,100,555555,0,2,2,3,2,1,23760000,26136,2.5,1,7,9,3,10,3,2,0,0,1,1,0,0,1,0,0,0,0,0,0,0,0,0,,35827394,https://cheremhovo.drom.ru/mitsubishi/l200/35827394.html,495000
8,2,2,2007,4,2020,1,136,130488,0,2,2,2,2,1,216691200,26136,2.5,1,7,9,3,10,3,2,0,0,1,1,0,0,1,0,0,0,0,0,0,0,0,0,,36687478,https://chelyabinsk.drom.ru/mitsubishi/l200/36687478.html,460000
8,2,2,2006,4,2020,1,100,136080,0,2,2,2,2,1,237859200,26136,2.5,1,7,9,3,10,3,2,0,0,1,1,0,0,1,0,0,0,0,0,0,0,0,0,,37174193,https://novokuznetsk.drom.ru/mitsubishi/l200/37174193.html,650000
8,2,2,2008,4,2020,1,136,114954,0,2,2,3,2,1,13478400,26136,2.5,1,7,9,3,10,3,2,0,0,1,1,0,0,1,0,0,0,0,0,0,0,0,0,,37164646,https://sochi.drom.ru/mitsubishi/l200/37164646.html,585000
8,2,2,2008,4,2020,2,136,128002,0,2,2,2,2,1,171331200,26136,2.5,1,7,9,3,10,3,2,0,0,1,1,0,0,1,0,0,0,0,0,0,0,0,0,,37164061,https://sharypovo.drom.ru/mitsubishi/l200/37164061.html,500000
8,2,2,2007,4,2020,2,136,114954,0,1,2,3,2,1,13910400,26136,2.5,1,7,9,3,10,3,2,0,0,1,1,0,0,1,0,0,0,0,0,0,0,0,0,,35701726,https://chelyabinsk.drom.ru/mitsubishi/l200/35701726.html,900000
8,2,2,2007,4,2020,1,136,104390,0,2,2,3,2,1,20908800,26136,2.5,1,7,9,3,10,3,2,0,0,1,1,0,0,1,0,0,0,0,0,0,0,0,0,,35886565,https://krasnoyarsk.drom.ru/mitsubishi/l200/35886565.html,689000
8,2,2,2007,4,2020,1,141,76429,0,2,2,1,2,1,247276800,26136,2.5,1,7,9,3,10,3,2,0,0,1,1,0,0,1,0,0,0,0,0,0,0,0,0,,37137295,https://ussuriisk.drom.ru/mitsubishi/l200/37137295.html,780000
8,2,2,2007,4,2020,1,136,117307,0,2,2,3,2,1,136339200,26136,2.5,1,7,9,3,10,3,2,0,0,1,1,0,0,1,0,0,0,0,0,0,0,0,0,,37135410,https://surgut.drom.ru/mitsubishi/l200/37135410.html,600000
8,2,2,2008,4,2020,1,136,555555,0,2,2,3,2,1,-5529600,26136,2.5,1,7,9,3,10,3,2,0,0,1,1,0,0,1,0,0,0,0,0,0,0,0,0,,35042891,https://irkutsk.drom.ru/mitsubishi/l200/35042891.html,750000
8,2,2,2008,4,2020,1,136,111847,0,2,2,3,2,1,31276800,26136,2.5,1,7,9,3,10,3,2,0,0,1,1,0,0,1,0,0,0,0,0,0,0,0,0,,37121572,https://ekaterinburg.drom.ru/mitsubishi/l200/37121572.html,580000
8,2,2,2007,4,2020,1,136,37282,0,2,2,2,2,1,161308800,26136,2.5,1,7,9,3,10,3,2,0,0,1,1,0,0,1,0,0,0,0,0,0,0,0,0,,36152233,https://khanty-mansiysk.drom.ru/mitsubishi/l200/36152233.html,550000
8,2,2,2007,4,2020,1,136,152236,0,2,2,3,2,1,52790400,26136,2.5,1,7,9,3,10,3,2,0,0,1,1,0,0,1,0,0,0,0,0,0,0,0,0,,36041600,https://moscow.drom.ru/mitsubishi/l200/36041600.html,640000
8,2,2,2008,4,2020,1,136,76429,0,2,2,0,2,1,0,26136,2.5,1,7,9,3,10,3,2,0,0,1,1,0,0,1,0,0,0,0,0,0,0,0,0,,37116853,https://petropavlovsk-kamchatskiy.drom.ru/mitsubishi/l200/37116853.html,850000
8,2,2,2007,4,2020,2,136,103148,0,2,2,3,2,1,71539200,26136,2.5,1,7,9,3,10,3,2,0,0,1,1,0,0,1,0,0,0,0,0,0,0,0,0,,36731855,https://sharypovo.drom.ru/mitsubishi/l200/36731855.html,635000
8,2,2,2007,4,2020,1,136,119303,0,2,2,3,2,1,94089600,26136,2.5,1,7,9,3,10,3,2,0,0,1,1,0,0,1,0,0,0,0,0,0,0,0,0,,36429989,https://samara.drom.ru/mitsubishi/l200/36429989.html,675000
8,2,2,2006,4,2020,1,100,86992,0,2,2,3,2,1,243216000,26136,2.5,1,7,9,3,10,3,2,0,0,1,1,0,0,1,0,0,0,0,0,0,0,0,0,,36380070,https://ekaterinburg.drom.ru/mitsubishi/l200/36380070.html,569000
8,2,2,2007,4,2020,1,136,155343,0,2,2,2,2,1,142992000,26136,2.5,1,7,9,3,10,3,2,0,0,1,1,0,0,1,0,0,0,0,0,0,0,0,0,,36109016,https://ekaterinburg.drom.ru/mitsubishi/l200/36109016.html,499000
8,2,2,2008,4,2020,1,136,166527,0,2,2,2,2,1,186278400,26136,2.5,1,7,9,3,10,3,2,0,0,1,1,0,0,1,0,0,0,0,0,0,0,0,0,,36622578,https://kemerovo.drom.ru/mitsubishi/l200/36622578.html,515000
8,2,2,2006,4,2020,1,136,46798,0,2,2,3,2,1,165542400,26136,2.5,1,7,9,3,10,3,2,0,0,1,1,0,0,1,0,0,0,0,0,0,0,0,0,,36741841,https://tomsk.drom.ru/mitsubishi/l200/36741841.html,630000
8,2,2,2007,4,2020,1,136,139809,0,2,2,3,2,1,29808000,26136,2.5,1,7,9,3,10,3,2,0,0,1,1,0,0,1,0,0,0,0,0,0,0,0,0,,36974447,https://chita.drom.ru/mitsubishi/l200/36974447.html,800000
8,2,2,2007,4,2020,2,136,205052,0,2,2,2,2,1,135216000,26136,2.5,1,7,9,3,10,3,2,0,0,1,1,0,0,1,0,0,0,0,0,0,0,0,0,,36790795,https://novorossiysk.drom.ru/mitsubishi/l200/36790795.html,605000
8,2,2,2007,4,2020,1,136,161557,0,2,2,2,2,1,194572800,26136,2.5,1,7,9,3,10,3,2,0,0,1,1,0,0,1,0,0,0,0,0,0,0,0,0,,36917708,https://kemerovo.drom.ru/mitsubishi/l200/36917708.html,620000
8,2,2,2008,4,2020,2,136,111847,0,2,2,2,2,1,66528000,26136,2.5,1,7,9,3,10,3,2,0,0,1,1,0,0,1,0,0,0,0,0,0,0,0,0,,37061934,https://simferopol.drom.ru/mitsubishi/l200/37061934.html,650000
8,2,2,2005,4,2020,1,100,57415,0,2,2,3,2,1,16934400,26136,2.5,1,7,9,3,10,3,2,0,0,1,1,0,0,1,0,0,0,0,0,0,0,0,0,,36098110,https://surgut.drom.ru/mitsubishi/l200/36098110.html,610000
8,2,2,2007,4,2020,2,136,105633,0,2,2,3,2,1,-1296000,26136,2.5,1,7,9,3,10,3,2,0,0,1,1,0,0,1,0,0,0,0,0,0,0,0,0,,36719707,https://chita.drom.ru/mitsubishi/l200/36719707.html,605000
8,2,2,2008,4,2020,1,136,80778,0,2,2,3,2,1,-172800,26136,2.5,1,7,9,3,10,3,2,0,0,1,1,0,0,1,0,0,0,0,0,0,0,0,0,,37044245,https://habarovsk.drom.ru/mitsubishi/l200/37044245.html,700000
8,2,2,2008,4,2020,1,136,118061,0,2,2,3,2,1,12355200,26136,2.5,1,7,9,3,10,3,2,0,0,1,1,0,0,1,0,0,0,0,0,0,0,0,0,,35921656,https://astrahan.drom.ru/mitsubishi/l200/35921656.html,549000
8,2,2,2005,4,2020,1,99,105633,0,2,2,3,2,1,209174400,26136,2.5,1,7,9,3,10,3,2,0,0,1,1,0,0,1,0,0,0,0,0,0,0,0,0,,27147055,https://barnaul.drom.ru/mitsubishi/l200/27147055.html,535000
8,2,2,2007,4,2020,2,136,126138,0,2,2,1,2,1,384825600,26136,2.5,1,7,9,3,10,3,2,0,0,1,1,0,0,1,0,0,0,0,0,0,0,0,0,,36290563,https://krasnoyarsk.drom.ru/mitsubishi/l200/36290563.html,740000
8,2,2,2008,4,2020,1,136,132041,0,2,2,2,2,1,154310400,26136,2.5,1,7,9,3,10,3,2,0,0,1,1,0,0,1,0,0,0,0,0,0,0,0,0,,36996934,https://korenovsk.drom.ru/mitsubishi/l200/36996934.html,620000
8,2,2,2007,4,2020,1,136,104018,0,2,2,3,2,1,135302400,26136,2.5,1,7,9,3,10,3,2,0,0,1,1,0,0,1,0,0,0,0,0,0,0,0,0,,36983545,https://ekaterinburg.drom.ru/mitsubishi/l200/36983545.html,790000
8,2,2,2008,4,2020,1,136,123031,0,2,2,2,2,1,114134400,26136,2.5,1,7,9,3,10,3,2,0,0,1,1,0,0,1,0,0,0,0,0,0,0,0,0,,36968801,https://simferopol.drom.ru/mitsubishi/l200/36968801.html,645000
8,2,2,2007,4,2020,2,136,106254,0,2,2,3,2,1,20649600,26136,2.5,1,7,9,3,10,3,2,0,0,1,1,0,0,1,0,0,0,0,0,0,0,0,0,,36960961,https://kurgan.drom.ru/mitsubishi/l200/36960961.html,520000
8,2,2,2007,4,2020,2,136,126138,0,2,2,3,2,1,55209600,26136,2.5,1,7,9,3,10,3,2,0,0,1,1,0,0,1,0,0,0,0,0,0,0,0,0,,36933616,https://usk-kut.drom.ru/mitsubishi/l200/36933616.html,670000
8,2,2,2008,4,2020,1,136,112965,0,2,2,3,2,1,30067200,26136,2.5,1,7,9,3,10,3,2,0,0,1,1,0,0,1,0,0,0,0,0,0,0,0,0,,36959917,https://pervouralsk.drom.ru/mitsubishi/l200/36959917.html,650000
8,2,2,2007,4,2020,2,136,555555,0,2,2,3,2,1,34905600,26136,2.5,1,7,9,3,10,3,2,0,0,1,1,0,0,1,0,0,0,0,0,0,0,0,0,,35177220,https://irkutsk.drom.ru/mitsubishi/l200/35177220.html,750000
8,2,2,2008,4,2020,1,136,95691,0,2,2,3,2,1,83808000,26136,2.5,1,7,9,3,10,3,2,0,0,1,1,0,0,1,0,0,0,0,0,0,0,0,0,,36948126,https://kurgan.drom.ru/mitsubishi/l200/36948126.html,650000
8,2,2,2007,4,2020,2,136,555555,0,2,2,3,2,1,231379200,26136,2.5,1,7,9,3,10,3,2,0,0,1,1,0,0,1,0,0,0,0,0,0,0,0,0,,36687860,https://irkutsk.drom.ru/mitsubishi/l200/36687860.html,798000
8,2,2,2006,4,2020,1,99,555555,0,2,2,3,2,1,23932800,26136,2.5,1,7,9,3,10,3,2,0,0,1,1,0,0,1,0,0,0,0,0,0,0,0,0,,35878007,https://ekaterinburg.drom.ru/mitsubishi/l200/35878007.html,365000
8,2,2,2005,4,2020,1,100,110915,0,2,2,3,2,1,128563200,26136,2.5,1,7,9,3,10,3,2,0,0,1,1,0,0,1,0,0,0,0,0,0,0,0,0,,36789402,https://irkutsk.drom.ru/mitsubishi/l200/36789402.html,410000
8,2,2,2007,4,2020,1,136,118061,0,2,2,3,2,1,320716800,26136,2.5,1,7,9,3,10,3,2,0,0,1,1,0,0,1,0,0,0,0,0,0,0,0,0,,35411824,https://kogalym.drom.ru/mitsubishi/l200/35411824.html,550000
8,2,2,2007,4,2020,2,136,94448,0,2,2,3,2,1,12960000,26136,2.5,1,7,9,3,10,3,2,0,0,1,1,0,0,1,0,0,0,0,0,0,0,0,0,,36708058,https://omsk.drom.ru/mitsubishi/l200/36708058.html,720000
8,2,2,2008,4,2020,1,136,555555,0,2,2,0,2,1,0,26136,2.5,1,7,9,3,10,3,2,0,0,1,1,0,0,1,0,0,0,0,0,0,0,0,0,,36731669,https://irkutsk.drom.ru/mitsubishi/l200/36731669.html,778000
8,2,2,2007,4,2020,2,136,166236,0,2,2,1,2,1,302054400,26136,2.5,1,7,9,3,10,3,2,0,0,1,1,0,0,1,0,0,0,0,0,0,0,0,0,,34634078,https://ekaterinburg.drom.ru/mitsubishi/l200/34634078.html,666000
8,2,2,2007,4,2020,2,136,105012,0,2,2,3,2,1,142214400,26136,2.5,1,7,9,3,10,3,2,0,0,1,1,0,0,1,0,0,0,0,0,0,0,0,0,,36526198,https://vladivostok.drom.ru/mitsubishi/l200/36526198.html,800000
8,2,2,2007,4,2020,2,136,132352,0,2,2,3,2,1,66182400,26136,2.5,1,7,9,3,10,3,2,0,0,1,1,0,0,1,0,0,0,0,0,0,0,0,0,,36205077,https://krasnoyarsk.drom.ru/mitsubishi/l200/36205077.html,1500000
8,2,2,2008,4,2020,1,136,555555,0,2,2,2,2,1,93139200,26136,2.5,1,7,9,3,10,3,2,0,0,1,1,0,0,1,0,0,0,0,0,0,0,0,0,,36721530,https://krasnoyarsk.drom.ru/mitsubishi/l200/36721530.html,680000
8,2,2,2008,4,2020,1,136,104577,0,2,2,3,2,1,-345600,26136,2.5,1,7,9,3,10,3,2,0,0,1,1,0,0,1,0,0,0,0,0,0,0,0,0,,36870706,https://ekaterinburg.drom.ru/mitsubishi/l200/36870706.html,812000
8,2,2,2008,4,2020,2,136,229907,0,2,2,3,2,1,56160000,26136,2.5,1,7,9,3,10,3,2,0,0,1,1,0,0,1,0,0,0,0,0,0,0,0,0,,36571963,https://togliatti.drom.ru/mitsubishi/l200/36571963.html,575000
8,2,2,2007,4,2020,2,136,86371,0,2,2,3,2,1,5184000,26136,2.5,1,7,9,3,10,3,2,0,0,1,1,0,0,1,0,0,0,0,0,0,0,0,0,,36860116,https://neftekamsk-bash.drom.ru/mitsubishi/l200/36860116.html,750000
8,2,2,2007,4,2020,1,136,78293,0,2,2,1,2,1,375753600,26136,2.5,1,7,9,3,10,3,2,0,0,1,1,0,0,1,0,0,0,0,0,0,0,0,0,,35388616,https://noviy-urengoy.drom.ru/mitsubishi/l200/35388616.html,750000
8,2,2,2008,4,2020,1,136,120674,0,2,2,3,2,1,34300800,26136,2.5,1,7,9,3,10,3,2,0,0,1,1,0,0,1,0,0,0,0,0,0,0,0,0,,34977089,https://chelyabinsk.drom.ru/mitsubishi/l200/34977089.html,650000
8,2,2,2004,4,2020,1,100,191728,0,2,2,3,2,1,16416000,26136,2.5,1,7,9,3,10,3,2,0,0,1,1,0,0,1,0,0,0,0,0,0,0,0,0,,36532166,https://nefteyugansk.drom.ru/mitsubishi/l200/36532166.html,515000
8,2,2,2008,4,2020,1,136,98177,0,2,2,3,2,1,64800000,26136,2.5,1,7,9,3,10,3,2,0,0,1,1,0,0,1,0,0,0,0,0,0,0,0,0,,36742128,https://krasnoyarsk.drom.ru/mitsubishi/l200/36742128.html,650000
8,2,2,2007,4,2020,2,136,95070,0,2,2,0,2,1,0,26136,2.5,1,7,9,3,10,3,2,0,0,1,1,0,0,1,0,0,0,0,0,0,0,0,0,,35297506,https://zlatoust.drom.ru/mitsubishi/l200/35297506.html,700000
8,2,2,2006,4,2020,1,100,555555,0,2,2,2,2,1,244771200,26136,2.5,1,7,9,3,10,3,2,0,0,1,1,0,0,1,0,0,0,0,0,0,0,0,0,,36817903,https://novoagansk.drom.ru/mitsubishi/l200/36817903.html,380000
8,2,2,2008,4,2020,1,136,136702,0,2,2,3,2,1,19612800,26136,2.5,1,7,9,3,10,3,2,0,0,1,1,0,0,1,0,0,0,0,0,0,0,0,0,,36133258,https://novosibirsk.drom.ru/mitsubishi/l200/36133258.html,670000
8,2,2,2008,4,2020,1,136,105633,0,2,2,3,2,1,30499200,26136,2.5,1,7,9,3,10,3,2,0,0,1,1,0,0,1,0,0,0,0,0,0,0,0,0,,34410145,https://nizhnevartovsk.drom.ru/mitsubishi/l200/34410145.html,460000
8,2,2,2007,4,2020,1,136,116911,0,2,2,3,2,1,133833600,26136,2.5,1,7,9,3,10,3,2,0,0,1,1,0,0,1,0,0,0,0,0,0,0,0,0,,36787462,https://surgut.drom.ru/mitsubishi/l200/36787462.html,580000
8,2,2,2007,4,2020,2,136,99419,0,2,2,3,2,1,21772800,26136,2.5,1,7,9,3,10,3,2,0,0,1,1,0,0,1,0,0,0,0,0,0,0,0,0,,34401819,https://abinsk.drom.ru/mitsubishi/l200/34401819.html,745000
8,2,2,2005,4,2020,1,99,152236,0,2,2,3,2,1,296006400,26136,2.5,1,7,9,3,10,3,2,0,0,1,1,0,0,1,0,0,0,0,0,0,0,0,0,,36774129,https://petrozavodsk.drom.ru/mitsubishi/l200/36774129.html,370000
8,2,2,2007,4,2020,1,136,555555,0,2,2,3,2,1,208828800,26136,2.5,1,7,9,3,10,3,2,0,0,1,1,0,0,1,0,0,0,0,0,0,0,0,0,,36258635,https://karagaylinskiy.drom.ru/mitsubishi/l200/36258635.html,560000
8,2,2,2008,4,2020,2,136,108740,0,2,2,3,2,1,53136000,26136,2.5,1,7,9,3,10,3,2,0,0,1,1,0,0,1,0,0,0,0,0,0,0,0,0,,36347322,https://nizhniy-tagil.drom.ru/mitsubishi/l200/36347322.html,665000
8,2,2,2008,4,2020,1,136,109983,0,2,2,3,2,1,86486400,26136,2.5,1,7,9,3,10,3,2,0,0,1,1,0,0,1,0,0,0,0,0,0,0,0,0,,36571488,https://ekaterinburg.drom.ru/mitsubishi/l200/36571488.html,650000
8,2,2,2008,4,2020,1,136,155343,0,2,2,2,2,1,71280000,26136,2.5,1,7,9,3,10,3,2,0,0,1,1,0,0,1,0,0,0,0,0,0,0,0,0,,36688784,https://irkutsk.drom.ru/mitsubishi/l200/36688784.html,676000
8,2,2,2008,4,2020,1,136,124302,0,2,2,3,2,1,101260800,26136,2.5,1,7,9,3,10,3,2,0,0,1,1,0,0,1,0,0,0,0,0,0,0,0,0,,36393344,https://ekaterinburg.drom.ru/mitsubishi/l200/36393344.html,480000
8,2,2,2008,4,2020,1,136,555555,0,2,2,3,2,1,38016000,26136,2.5,1,7,9,3,10,3,2,0,0,1,1,0,0,1,0,0,0,0,0,0,0,0,0,,36022050,https://ulan-ude.drom.ru/mitsubishi/l200/36022050.html,700000
8,2,2,2008,4,2020,2,136,167770,0,2,2,2,2,1,61257600,26136,2.5,1,7,9,3,10,3,2,0,0,1,1,0,0,1,0,0,0,0,0,0,0,0,0,,36731294,https://zelenograd.drom.ru/mitsubishi/l200/36731294.html,670000
8,2,2,2007,4,2020,1,136,121789,0,2,2,3,2,1,22550400,26136,2.5,1,7,9,3,10,3,2,0,0,1,1,0,0,1,0,0,0,0,0,0,0,0,0,,35921666,https://biysk.drom.ru/mitsubishi/l200/35921666.html,750000
8,2,2,2008,4,2020,1,136,153479,0,2,2,1,2,1,327888000,26136,2.5,1,7,9,3,10,3,2,0,0,1,1,0,0,1,0,0,0,0,0,0,0,0,0,,36723572,https://barnaul.drom.ru/mitsubishi/l200/36723572.html,500000
8,2,2,2008,4,2020,1,136,621,0,2,2,2,2,1,150336000,26136,2.5,1,7,9,3,10,3,2,0,0,1,1,0,0,1,0,0,0,0,0,0,0,0,0,,36441886,https://svobodniy.drom.ru/mitsubishi/l200/36441886.html,900000
8,2,2,2006,4,2020,1,100,135459,0,2,2,3,2,1,123033600,26136,2.5,1,7,9,3,10,3,2,0,0,1,1,0,0,1,0,0,0,0,0,0,0,0,0,,34088869,https://nizhnevartovsk.drom.ru/mitsubishi/l200/34088869.html,400000
8,2,2,2008,4,2020,1,136,103955,0,2,2,3,2,1,29635200,26136,2.5,1,7,9,3,10,3,2,0,0,1,1,0,0,1,0,0,0,0,0,0,0,0,0,,36717973,https://ekaterinburg.drom.ru/mitsubishi/l200/36717973.html,699000
8,2,2,2008,4,2020,2,136,108740,0,2,2,2,2,1,300240000,26136,2.5,1,7,9,3,10,3,2,0,0,1,1,0,0,1,0,0,0,0,0,0,0,0,0,,36353144,https://ekaterinburg.drom.ru/mitsubishi/l200/36353144.html,695000
8,2,2,2007,4,2020,1,136,78293,0,2,2,2,2,1,369878400,26136,2.5,1,7,9,3,10,3,2,0,0,1,1,0,0,1,0,0,0,0,0,0,0,0,0,,35597794,https://tomsk.drom.ru/mitsubishi/l200/35597794.html,900000
8,2,2,2007,4,2020,2,136,555555,0,2,2,3,2,1,118281600,26136,2.5,1,7,9,3,10,3,2,0,0,1,1,0,0,1,0,0,0,0,0,0,0,0,0,,36492273,https://omsk.drom.ru/mitsubishi/l200/36492273.html,690000
8,2,2,2006,4,2020,1,100,142915,0,2,2,0,2,1,0,26136,2.5,1,7,9,3,10,3,2,0,0,1,1,0,0,1,0,0,0,0,0,0,0,0,0,,36714202,https://novokuznetsk.drom.ru/mitsubishi/l200/36714202.html,400000
8,2,2,2006,4,2020,1,100,555555,0,2,2,2,2,1,114566400,26136,2.5,1,7,9,3,10,3,2,0,0,1,1,0,0,1,0,0,0,0,0,0,0,0,0,,35808507,https://nizhnevartovsk.drom.ru/mitsubishi/l200/35808507.html,400000
8,2,2,2007,4,2020,1,136,126760,0,2,2,1,2,1,379296000,26136,2.5,1,7,9,3,10,3,2,0,0,1,1,0,0,1,0,0,0,0,0,0,0,0,0,,36639840,https://novosibirsk.drom.ru/mitsubishi/l200/36639840.html,720000
8,2,2,2007,4,2020,1,136,51574,0,2,2,1,2,1,383875200,26136,2.5,1,7,9,3,10,3,2,0,0,1,1,0,0,1,0,0,0,0,0,0,0,0,0,,36294772,https://perm.drom.ru/mitsubishi/l200/36294772.html,659000
8,2,2,2008,4,2019,1,136,555555,0,2,2,3,2,1,88128000,26136,2.5,1,7,9,3,10,3,2,0,0,1,1,0,0,1,0,0,0,0,0,0,0,0,0,,36303238,https://krasnoyarsk.drom.ru/mitsubishi/l200/36303238.html,750000
8,2,2,2008,4,2019,1,136,111847,0,2,2,3,2,1,27561600,26136,2.5,1,7,9,3,10,3,2,0,0,1,1,0,0,1,0,0,0,0,0,0,0,0,0,,36271354,https://krasnoturinsk.drom.ru/mitsubishi/l200/36271354.html,630000
8,2,2,2007,4,2019,1,136,555555,0,2,2,2,2,1,284774400,26136,2.5,1,7,9,3,10,3,2,0,0,1,1,0,0,1,0,0,0,0,0,0,0,0,0,,36669665,https://irkutsk.drom.ru/mitsubishi/l200/36669665.html,670000
8,2,2,2007,4,2019,1,136,93206,0,2,2,2,2,1,178675200,26136,2.5,1,7,9,3,10,3,2,0,0,1,1,0,0,1,0,0,0,0,0,0,0,0,0,,36323051,https://surgut.drom.ru/mitsubishi/l200/36323051.html,555000
8,2,2,2005,4,2019,1,99,211266,0,2,2,3,2,1,114220800,26136,2.5,1,7,9,3,10,3,2,0,0,1,1,0,0,1,0,0,0,0,0,0,0,0,0,,36658429,https://talmenka.drom.ru/mitsubishi/l200/36658429.html,580000
8,2,2,2008,4,2019,1,136,65244,0,2,2,1,2,1,327283200,26136,2.5,1,7,9,3,10,3,2,0,0,1,1,0,0,1,0,0,0,0,0,0,0,0,0,,36281752,https://udachniy.drom.ru/mitsubishi/l200/36281752.html,750000
8,2,2,2008,4,2019,2,136,164353,0,2,2,3,2,1,285638400,26136,2.5,1,7,9,3,10,3,2,0,0,1,1,0,0,1,0,0,0,0,0,0,0,0,0,,35894652,https://moscow.drom.ru/mitsubishi/l200/35894652.html,595000
8,2,2,2007,4,2019,1,136,110293,0,2,2,0,2,1,0,26136,2.5,1,7,9,3,10,3,2,0,0,1,1,0,0,1,0,0,0,0,0,0,0,0,0,,36247324,https://khanty-mansiysk.drom.ru/mitsubishi/l200/36247324.html,600000
8,2,2,2007,4,2019,2,136,103769,0,2,2,3,2,1,-5011200,26136,2.5,1,7,9,3,10,3,2,0,0,1,1,0,0,1,0,0,0,0,0,0,0,0,0,,36611428,https://ulan-ude.drom.ru/mitsubishi/l200/36611428.html,700000
8,2,2,2007,4,2019,2,136,127008,0,2,2,3,2,1,83289600,26136,2.5,1,7,9,3,10,3,2,0,0,1,1,0,0,1,0,0,0,0,0,0,0,0,0,,36219995,https://krasnoyarsk.drom.ru/mitsubishi/l200/36219995.html,675000
8,2,2,2007,4,2019,2,136,555555,0,2,2,3,2,1,134006400,26136,2.5,1,7,9,3,10,3,2,0,0,1,1,0,0,1,0,0,0,0,0,0,0,0,0,,36205823,https://anapa.drom.ru/mitsubishi/l200/36205823.html,615000
8,2,2,2008,4,2019,1,136,137323,0,2,2,3,2,1,11491200,26136,2.5,1,7,9,3,10,3,2,0,0,1,1,0,0,1,0,0,0,0,0,0,0,0,0,,36570831,https://novosibirsk.drom.ru/mitsubishi/l200/36570831.html,470000
8,2,2,2006,4,2019,1,100,123031,0,2,2,3,2,1,209001600,26136,2.5,1,7,9,3,10,3,2,0,0,1,1,0,0,1,0,0,0,0,0,0,0,0,0,,36596439,https://poltavka.drom.ru/mitsubishi/l200/36596439.html,650000
8,2,2,2007,4,2019,2,136,111847,0,2,2,3,2,1,10022400,26136,2.5,1,7,9,3,10,3,2,0,0,1,1,0,0,1,0,0,0,0,0,0,0,0,0,,36377365,https://novosibirsk.drom.ru/mitsubishi/l200/36377365.html,680000
8,2,2,2008,4,2019,1,136,108119,0,2,2,1,2,1,181008000,26136,2.5,1,7,9,3,10,3,2,0,0,1,1,0,0,1,0,0,0,0,0,0,0,0,0,,36587834,https://mirniy.drom.ru/mitsubishi/l200/36587834.html,500000
8,2,2,2007,4,2019,1,136,555555,0,2,2,0,2,1,0,26136,2.5,1,7,9,3,10,3,2,0,0,1,1,0,0,1,0,0,0,0,0,0,0,0,0,,36586940,https://anzhero-sudzhensk.drom.ru/mitsubishi/l200/36586940.html,650000
8,2,2,2008,4,2019,1,136,64001,0,2,2,2,2,1,64108800,26136,2.5,1,7,9,3,10,3,2,0,0,1,1,0,0,1,0,0,0,0,0,0,0,0,0,,36302145,https://novokuznetsk.drom.ru/mitsubishi/l200/36302145.html,835000
8,2,2,2008,4,2019,2,136,555555,0,2,2,2,2,1,0,26136,2.5,1,7,9,3,10,3,2,0,0,1,1,0,0,1,0,0,0,0,0,0,0,0,0,,36245546,https://irkutsk.drom.ru/mitsubishi/l200/36245546.html,595000
8,2,2,2008,4,2019,1,136,80778,0,2,2,3,2,1,38966400,26136,2.5,1,7,9,3,10,3,2,0,0,1,1,0,0,1,0,0,0,0,0,0,0,0,0,,36430960,https://prokopyevsk.drom.ru/mitsubishi/l200/36430960.html,730000
8,2,2,2008,4,2019,1,136,122410,0,2,2,1,2,1,324086400,26136,2.5,1,7,9,3,10,3,2,0,0,1,1,0,0,1,0,0,0,0,0,0,0,0,0,,33083367,https://chita.drom.ru/mitsubishi/l200/33083367.html,800000
8,2,2,2007,4,2019,1,141,99419,0,2,2,3,2,1,35078400,26136,2.5,1,7,9,3,10,3,2,0,0,1,1,0,0,1,0,0,0,0,0,0,0,0,0,,32191738,https://irkutsk.drom.ru/mitsubishi/l200/32191738.html,620000
8,2,2,2005,4,2019,1,99,150157,0,2,2,3,2,1,175737600,26136,2.5,1,7,9,3,10,3,2,0,0,1,1,0,0,1,0,0,0,0,0,0,0,0,0,,36514241,https://ekaterinburg.drom.ru/mitsubishi/l200/36514241.html,360000
8,2,2,2008,4,2019,2,136,119925,0,2,2,2,2,1,13910400,26136,2.5,1,7,9,3,10,3,2,0,0,1,1,0,0,1,0,0,0,0,0,0,0,0,0,,36513189,https://omsk.drom.ru/mitsubishi/l200/36513189.html,755000
8,2,2,2008,4,2019,1,136,95815,0,2,2,2,2,1,94953600,26136,2.5,1,7,9,3,10,3,2,0,0,1,1,0,0,1,0,0,0,0,0,0,0,0,0,,36511790,https://ekaterinburg.drom.ru/mitsubishi/l200/36511790.html,637000
8,2,2,2007,4,2019,2,136,555555,0,2,2,3,2,1,-3888000,26136,2.5,1,7,9,3,10,3,2,0,0,1,1,0,0,1,0,0,0,0,0,0,0,0,0,,36284106,https://tyumen.drom.ru/mitsubishi/l200/36284106.html,700000
8,2,2,2007,4,2019,2,136,555555,0,2,2,3,2,1,2678400,26136,2.5,1,7,9,3,10,3,2,0,0,1,1,0,0,1,0,0,0,0,0,0,0,0,0,,35890126,https://shelehov.drom.ru/mitsubishi/l200/35890126.html,620000
8,2,2,2005,4,2019,1,100,129867,0,2,2,3,2,1,73267200,26136,2.5,1,7,9,3,10,3,2,0,0,1,1,0,0,1,0,0,0,0,0,0,0,0,0,,35891749,https://minusinsk.drom.ru/mitsubishi/l200/35891749.html,550000
8,2,2,2006,4,2019,2,136,172120,0,2,2,3,2,1,53481600,26136,2.5,1,7,9,3,10,3,2,0,0,1,1,0,0,1,0,0,0,0,0,0,0,0,0,,33773677,https://isilkul.drom.ru/mitsubishi/l200/33773677.html,600000
8,2,2,2008,4,2019,1,136,555555,0,2,2,3,2,1,10800000,26136,2.5,1,7,9,3,10,3,2,0,0,1,1,0,0,1,0,0,0,0,0,0,0,0,0,,36500184,https://novosibirsk.drom.ru/mitsubishi/l200/36500184.html,660000
8,2,2,2005,4,2019,1,100,177091,0,2,2,3,2,1,57369600,26136,2.5,1,7,9,3,10,3,2,0,0,1,1,0,0,1,0,0,0,0,0,0,0,0,0,,36496212,https://taman.drom.ru/mitsubishi/l200/36496212.html,420000
8,2,2,2007,4,2019,1,136,80778,0,2,2,3,2,1,0,26136,2.5,1,7,9,3,10,3,2,0,0,1,1,0,0,1,0,0,0,0,0,0,0,0,0,,36095513,https://chelyabinsk.drom.ru/mitsubishi/l200/36095513.html,635000
8,2,2,2007,4,2019,1,136,97555,0,2,2,2,2,1,30844800,26136,2.5,1,7,9,3,10,3,2,0,0,1,1,0,0,1,0,0,0,0,0,0,0,0,0,,36488990,https://moscow.drom.ru/mitsubishi/l200/36488990.html,600000
8,2,2,2007,4,2019,1,136,195111,0,2,2,3,2,1,0,26136,2.5,1,7,9,3,10,3,2,0,0,1,1,0,0,1,0,0,0,0,0,0,0,0,0,,36466400,https://kurtamysh.drom.ru/mitsubishi/l200/36466400.html,600000
8,2,2,2008,4,2019,2,136,124274,0,2,2,2,2,1,280972800,26136,2.5,1,7,9,3,10,3,2,0,0,1,1,0,0,1,0,0,0,0,0,0,0,0,0,,36457696,https://perm.drom.ru/mitsubishi/l200/36457696.html,650000
8,2,2,2007,4,2019,1,136,124896,0,2,2,1,2,1,377308800,26136,2.5,1,7,9,3,10,3,2,0,0,1,1,0,0,1,0,0,0,0,0,0,0,0,0,,36449935,https://nizhnevartovsk.drom.ru/mitsubishi/l200/36449935.html,390000
8,2,2,2007,4,2019,2,136,111847,0,2,2,3,2,1,94521600,26136,2.5,1,7,9,3,10,3,2,0,0,1,1,0,0,1,0,0,0,0,0,0,0,0,0,,36257686,https://bratsk.drom.ru/mitsubishi/l200/36257686.html,760000
8,2,2,2008,4,2019,2,136,105633,0,2,2,3,2,1,85968000,26136,2.5,1,7,9,3,10,3,2,0,0,1,1,0,0,1,0,0,0,0,0,0,0,0,0,,33996286,https://usk-kut.drom.ru/mitsubishi/l200/33996286.html,680000
8,2,2,2007,4,2019,2,136,555555,0,2,2,3,2,1,101433600,26136,2.5,1,7,9,3,10,3,2,0,0,1,1,0,0,1,0,0,0,0,0,0,0,0,0,,36043906,https://kemerovo.drom.ru/mitsubishi/l200/36043906.html,810000
8,2,2,2008,4,2019,2,136,90099,0,2,2,3,2,1,116035200,26136,2.5,1,7,9,3,10,3,2,0,0,1,1,0,0,1,0,0,0,0,0,0,0,0,0,,36415564,https://ussuriisk.drom.ru/mitsubishi/l200/36415564.html,835000
8,2,2,2006,4,2019,1,100,124274,0,2,2,3,2,1,4320000,26136,2.5,1,7,9,3,10,3,2,0,0,1,1,0,0,1,0,0,0,0,0,0,0,0,0,,36387111,https://labytnangi.drom.ru/mitsubishi/l200/36387111.html,580000
8,2,2,2008,4,2019,1,136,68443,0,2,2,2,2,1,213580800,26136,2.5,1,7,9,3,10,3,2,0,0,1,1,0,0,1,0,0,0,0,0,0,0,0,0,,36036027,https://kirensk.drom.ru/mitsubishi/l200/36036027.html,600000
8,2,2,2008,4,2019,2,136,279617,0,2,2,3,2,1,125539200,26136,2.5,1,7,9,3,10,3,2,0,0,1,1,0,0,1,0,0,0,0,0,0,0,0,0,,36344450,https://irkutsk.drom.ru/mitsubishi/l200/36344450.html,580000
8,2,2,2008,4,2019,1,99,555555,0,2,2,1,2,1,351734400,26136,2.5,1,7,9,3,10,3,2,0,0,1,1,0,0,1,0,0,0,0,0,0,0,0,0,,36123503,https://chita.drom.ru/mitsubishi/l200/36123503.html,550000
8,2,2,2007,4,2019,1,136,100662,0,2,2,3,2,1,6998400,26136,2.5,1,7,9,3,10,3,2,0,0,1,1,0,0,1,0,0,0,0,0,0,0,0,0,,36174628,https://bolshoy-kamen.drom.ru/mitsubishi/l200/36174628.html,650000
8,2,2,2006,4,2019,1,100,100662,0,2,2,2,2,1,86745600,26136,2.5,1,7,9,3,10,3,2,0,0,1,1,0,0,1,0,0,0,0,0,0,0,0,0,,33992665,https://vladivostok.drom.ru/mitsubishi/l200/33992665.html,700000
8,2,2,2008,4,2019,1,136,64312,0,2,2,3,2,1,60393600,26136,2.5,1,7,9,3,10,3,2,0,0,1,1,0,0,1,0,0,0,0,0,0,0,0,0,,28246320,https://miass.drom.ru/mitsubishi/l200/28246320.html,790000
8,2,2,2005,4,2019,1,99,555555,0,2,2,3,2,1,12873600,26136,2.5,1,7,9,3,10,3,2,0,0,1,1,0,0,1,0,0,0,0,0,0,0,0,0,,36303133,https://kemerovo.drom.ru/mitsubishi/l200/36303133.html,450000
8,2,2,2008,4,2019,1,136,132973,0,2,2,2,2,1,82425600,26136,2.5,1,7,9,3,10,3,2,0,0,1,1,0,0,1,0,0,0,0,0,0,0,0,0,,36296807,https://blagoveshchenka.drom.ru/mitsubishi/l200/36296807.html,655000
8,2,2,2008,4,2019,2,136,555555,0,2,2,3,2,1,82944000,26136,2.5,1,7,9,3,10,3,2,0,0,1,1,0,0,1,0,0,0,0,0,0,0,0,0,,33432984,https://krasnodar.drom.ru/mitsubishi/l200/33432984.html,700000
8,2,2,2008,4,2019,1,136,122410,0,2,2,3,2,1,82857600,26136,2.5,1,7,9,3,10,3,2,0,0,1,1,0,0,1,0,0,0,0,0,0,0,0,0,,36060551,https://surgut.drom.ru/mitsubishi/l200/36060551.html,590000
8,2,2,2007,4,2019,1,136,96313,0,2,2,3,2,1,137721600,26136,2.5,1,7,9,3,10,3,2,0,0,1,1,0,0,1,0,0,0,0,0,0,0,0,0,,35927857,https://omsk.drom.ru/mitsubishi/l200/35927857.html,660000
8,2,2,2007,4,2019,1,136,101470,0,2,2,2,2,1,49334400,26136,2.5,1,7,9,3,10,3,2,0,0,1,1,0,0,1,0,0,0,0,0,0,0,0,0,,36300537,https://ekaterinburg.drom.ru/mitsubishi/l200/36300537.html,850000
8,2,2,2008,4,2019,1,136,229907,0,2,2,2,2,1,163900800,26136,2.5,1,7,9,3,10,3,2,0,0,1,1,0,0,1,0,0,0,0,0,0,0,0,0,,34879084,https://nefteyugansk.drom.ru/mitsubishi/l200/34879084.html,470000
8,2,2,2005,4,2019,1,100,113090,0,2,2,3,2,1,-3974400,26136,2.5,1,7,9,3,10,3,2,0,0,1,1,0,0,1,0,0,0,0,0,0,0,0,0,,35899596,https://anzhero-sudzhensk.drom.ru/mitsubishi/l200/35899596.html,520000
8,2,2,2007,4,2019,1,136,74565,0,2,2,3,2,1,197942400,26136,2.5,1,7,9,3,10,3,2,0,0,1,1,0,0,1,0,0,0,0,0,0,0,0,0,,29976803,https://kemerovo.drom.ru/mitsubishi/l200/29976803.html,695000
8,2,2,2008,4,2019,1,136,156896,0,2,2,2,2,1,93398400,26136,2.5,1,7,9,3,10,3,2,0,0,1,1,0,0,1,0,0,0,0,0,0,0,0,0,,36276124,https://nizhnevartovsk.drom.ru/mitsubishi/l200/36276124.html,500000
8,2,2,2008,4,2019,1,136,66487,0,2,2,3,2,1,22118400,26136,2.5,1,7,9,3,10,3,2,0,0,1,1,0,0,1,0,0,0,0,0,0,0,0,0,,35469894,https://habarovsk.drom.ru/mitsubishi/l200/35469894.html,820000
8,2,2,2007,4,2019,2,136,148197,0,2,2,0,2,1,0,26136,2.5,1,7,9,3,10,3,2,0,0,1,1,0,0,1,0,0,0,0,0,0,0,0,0,,36263130,https://krasnoyarsk.drom.ru/mitsubishi/l200/36263130.html,635000
8,2,2,2008,4,2019,1,136,119925,0,2,2,3,2,1,61516800,26136,2.5,1,7,9,3,10,3,2,0,0,1,1,0,0,1,0,0,0,0,0,0,0,0,0,,36107653,https://blagoveshchensk.drom.ru/mitsubishi/l200/36107653.html,550000
8,2,2,2008,4,2019,1,136,555555,0,2,2,3,2,1,8726400,26136,2.5,1,7,9,3,10,3,2,0,0,1,1,0,0,1,0,0,0,0,0,0,0,0,0,,35855138,https://verhnyaya-pyshma.drom.ru/mitsubishi/l200/35855138.html,715000
8,2,2,2007,4,2019,1,136,129245,0,2,2,3,2,1,23155200,26136,2.5,1,7,9,3,10,3,2,0,0,1,1,0,0,1,0,0,0,0,0,0,0,0,0,,36236730,https://novorossiysk.drom.ru/mitsubishi/l200/36236730.html,570000
8,2,2,2007,4,2019,1,136,124274,0,2,2,3,2,1,226281600,26136,2.5,1,7,9,3,10,3,2,0,0,1,1,0,0,1,0,0,0,0,0,0,0,0,0,,35842622,https://maykop.drom.ru/mitsubishi/l200/35842622.html,650000
8,2,2,2006,4,2019,1,100,198839,0,2,2,3,2,1,0,26136,2.5,1,7,9,3,10,3,2,0,0,1,1,0,0,1,0,0,0,0,0,0,0,0,0,,36236366,https://zheleznovodsk.drom.ru/mitsubishi/l200/36236366.html,650000
8,2,2,2008,4,2019,1,136,555555,0,2,2,1,2,1,351388800,26136,2.5,1,7,9,3,10,3,2,0,0,1,1,0,0,1,0,0,0,0,0,0,0,0,0,,36235175,https://surgut.drom.ru/mitsubishi/l200/36235175.html,590000
8,2,1,2008,4,2019,1,148,81400,0,2,2,3,2,1,205891200,26136,2.5,1,7,9,3,10,3,2,0,0,1,1,0,0,1,0,0,0,0,0,0,0,0,0,,36161212,https://habarovsk.drom.ru/mitsubishi/l200/36161212.html,698000
8,2,2,2008,4,2019,2,136,96313,0,2,2,3,2,1,150508800,26136,2.5,1,7,9,3,10,3,2,0,0,1,1,0,0,1,0,0,0,0,0,0,0,0,0,,35887007,https://kemerovo.drom.ru/mitsubishi/l200/35887007.html,450000
8,2,2,2007,4,2019,1,136,90449,0,2,2,3,2,1,-1209600,26136,2.5,1,7,9,3,10,3,2,0,0,1,1,0,0,1,0,0,0,0,0,0,0,0,0,,36229023,https://mihaylovsk-sverd.drom.ru/mitsubishi/l200/36229023.html,550000
8,2,2,2007,4,2019,1,136,147886,0,2,2,2,2,1,307670400,26136,2.5,1,7,9,3,10,3,2,0,0,1,1,0,0,1,0,0,0,0,0,0,0,0,0,,35402136,https://berezniky.drom.ru/mitsubishi/l200/35402136.html,545000
8,2,2,2006,4,2019,1,99,167770,0,2,2,3,2,1,94348800,26136,2.5,1,7,9,3,10,3,2,0,0,1,1,0,0,1,0,0,0,0,0,0,0,0,0,,35819733,https://tyumen.drom.ru/mitsubishi/l200/35819733.html,350000
8,2,2,2007,4,2019,2,136,134216,0,2,2,3,2,1,166838400,26136,2.5,1,7,9,3,10,3,2,0,0,1,1,0,0,1,0,0,0,0,0,0,0,0,0,,36200386,https://sochi.drom.ru/mitsubishi/l200/36200386.html,550000
8,2,2,2008,4,2019,1,136,555555,0,2,2,3,2,1,8121600,26136,2.5,1,7,9,3,10,3,2,0,0,1,1,0,0,1,0,0,0,0,0,0,0,0,0,,35320481,https://omsk.drom.ru/mitsubishi/l200/35320481.html,550000
8,2,2,2007,4,2019,1,136,149129,0,2,2,1,2,1,392256000,26136,2.5,1,7,9,3,10,3,2,0,0,1,1,0,0,1,0,0,0,0,0,0,0,0,0,,35227290,https://kurgan.drom.ru/mitsubishi/l200/35227290.html,620000
8,2,2,2007,4,2019,1,136,67108,0,2,2,2,2,1,235612800,26136,2.5,1,7,9,3,10,3,2,0,0,1,1,0,0,1,0,0,0,0,0,0,0,0,0,,35648280,https://artemovskiy-irk.drom.ru/mitsubishi/l200/35648280.html,480000
8,2,2,2008,4,2019,1,136,102091,0,2,2,3,2,1,120960000,26136,2.5,1,7,9,3,10,3,2,0,0,1,1,0,0,1,0,0,0,0,0,0,0,0,0,,36166880,https://ekaterinburg.drom.ru/mitsubishi/l200/36166880.html,820000
8,2,2,2008,4,2019,1,136,101905,0,2,2,1,2,1,357609600,26136,2.5,1,7,9,3,10,3,2,0,0,1,1,0,0,1,0,0,0,0,0,0,0,0,0,,36150360,https://krasnoyarsk.drom.ru/mitsubishi/l200/36150360.html,688000
8,2,2,2007,4,2019,2,136,143537,0,2,2,2,2,1,193363200,26136,2.5,1,7,9,3,10,3,2,0,0,1,1,0,0,1,0,0,0,0,0,0,0,0,0,,36138250,https://ekaterinburg.drom.ru/mitsubishi/l200/36138250.html,715000
8,2,2,2008,4,2019,1,136,100662,0,2,2,3,2,1,5961600,26136,2.5,1,7,9,3,10,3,2,0,0,1,1,0,0,1,0,0,0,0,0,0,0,0,0,,36136216,https://salehard.drom.ru/mitsubishi/l200/36136216.html,570000
8,2,2,2008,4,2019,2,136,118061,0,2,2,3,2,1,52444800,26136,2.5,1,7,9,3,10,3,2,0,0,1,1,0,0,1,0,0,0,0,0,0,0,0,0,,35583010,https://kemerovo.drom.ru/mitsubishi/l200/35583010.html,710000
8,2,2,2008,4,2019,1,136,110921,0,2,2,1,2,1,363312000,26136,2.5,1,7,9,3,10,3,2,0,0,1,1,0,0,1,0,0,0,0,0,0,0,0,0,,36114622,https://krasnodar.drom.ru/mitsubishi/l200/36114622.html,715000
8,2,2,2008,4,2019,2,136,151615,0,2,2,2,2,1,60220800,26136,2.5,1,7,9,3,10,3,2,0,0,1,1,0,0,1,0,0,0,0,0,0,0,0,0,,35365851,https://ishim.drom.ru/mitsubishi/l200/35365851.html,777777
8,2,2,2008,4,2019,1,136,555555,0,2,2,2,2,1,108172800,26136,2.5,1,7,9,3,10,3,2,0,0,1,1,0,0,1,0,0,0,0,0,0,0,0,0,,35949386,https://sevastopol.drom.ru/mitsubishi/l200/35949386.html,635000
8,2,2,2007,4,2019,2,136,143537,0,2,2,3,2,1,-7430400,26136,2.5,1,7,9,3,10,3,2,0,0,1,1,0,0,1,0,0,0,0,0,0,0,0,0,,36095103,https://krasnoyarsk.drom.ru/mitsubishi/l200/36095103.html,590000
8,2,2,2008,4,2019,2,136,66487,0,2,2,3,2,1,74476800,26136,2.5,1,7,9,3,10,3,2,0,0,1,1,0,0,1,0,0,0,0,0,0,0,0,0,,33778536,https://miass.drom.ru/mitsubishi/l200/33778536.html,685000
8,2,2,2007,4,2019,1,136,555555,0,2,2,3,2,1,57110400,26136,2.5,1,7,9,3,10,3,2,0,0,1,1,0,0,1,0,0,0,0,0,0,0,0,0,,36077522,https://kungur.drom.ru/mitsubishi/l200/36077522.html,320000
8,2,2,2008,4,2019,1,136,555555,0,2,2,2,2,1,87004800,26136,2.5,1,7,9,3,10,3,2,0,0,1,1,0,0,1,0,0,0,0,0,0,0,0,0,,32665673,https://skovorodino.drom.ru/mitsubishi/l200/32665673.html,720000
8,2,1,2008,4,2019,2,145,144779,0,2,2,3,2,1,-1209600,26136,2.5,1,7,9,3,10,3,2,0,0,1,1,0,0,1,0,0,0,0,0,0,0,0,0,,28489485,https://tomsk.drom.ru/mitsubishi/l200/28489485.html,980000
8,2,1,2008,4,2019,1,148,81928,0,2,2,0,2,1,0,26136,2.5,1,7,9,3,10,3,2,0,0,1,1,0,0,1,0,0,0,0,0,0,0,0,0,,36058893,https://habarovsk.drom.ru/mitsubishi/l200/36058893.html,780000
8,2,2,2005,4,2019,1,99,113711,0,2,2,3,2,1,266630400,26136,2.5,1,7,9,3,10,3,2,0,0,1,1,0,0,1,0,0,0,0,0,0,0,0,0,,30695056,https://tomsk.drom.ru/mitsubishi/l200/30695056.html,300000
8,2,2,2008,4,2019,1,136,555555,0,2,2,2,2,1,148867200,26136,2.5,1,7,9,3,10,3,2,0,0,1,1,0,0,1,0,0,0,0,0,0,0,0,0,,36051991,https://barnaul.drom.ru/mitsubishi/l200/36051991.html,550000
8,2,2,2006,4,2019,1,99,82642,0,2,2,3,2,1,70588800,26136,2.5,1,7,9,3,10,3,2,0,0,1,1,0,0,1,0,0,0,0,0,0,0,0,0,,35663718,https://noviy-urengoy.drom.ru/mitsubishi/l200/35663718.html,550000
8,2,2,2008,4,2019,2,136,99419,0,2,2,1,2,1,110764800,26136,2.5,1,7,9,3,10,3,2,0,0,1,1,0,0,1,0,0,0,0,0,0,0,0,0,,34788773,https://simferopol.drom.ru/mitsubishi/l200/34788773.html,750000
8,2,2,2008,4,2019,1,136,555555,0,2,2,3,2,1,45446400,26136,2.5,1,7,9,3,10,3,2,0,0,1,1,0,0,1,0,0,0,0,0,0,0,0,0,,35279752,https://kemerovo.drom.ru/mitsubishi/l200/35279752.html,745555
8,2,2,2007,4,2019,2,136,113711,0,2,2,3,2,1,0,26136,2.5,1,7,9,3,10,3,2,0,0,1,1,0,0,1,0,0,0,0,0,0,0,0,0,,32820260,https://ust-ilimsk.drom.ru/mitsubishi/l200/32820260.html,799000
8,2,2,2007,4,2019,2,136,83885,0,2,2,3,2,1,0,26136,2.5,1,7,9,3,10,3,2,0,0,1,1,0,0,1,0,0,0,0,0,0,0,0,0,,35191047,https://ekaterinburg.drom.ru/mitsubishi/l200/35191047.html,600000
8,2,2,2007,4,2019,2,136,130488,0,2,2,3,2,1,0,26136,2.5,1,7,9,3,10,3,2,0,0,1,1,0,0,1,0,0,0,0,0,0,0,0,0,,34387276,https://simferopol.drom.ru/mitsubishi/l200/34387276.html,700000
8,2,2,2005,4,2019,1,99,555555,0,2,2,3,2,1,0,26136,2.5,1,7,9,3,10,3,2,0,0,1,1,0,0,1,0,0,0,0,0,0,0,0,0,,31660768,https://zavodoukovsk.drom.ru/mitsubishi/l200/31660768.html,370000
8,2,2,2008,4,2019,2,136,128717,0,2,2,3,2,1,0,26136,2.5,1,7,9,3,10,3,2,0,0,1,1,0,0,1,0,0,0,0,0,0,0,0,0,,35999915,https://noviy-urengoy.drom.ru/mitsubishi/l200/35999915.html,800000
8,2,2,2007,4,2019,2,136,93206,0,2,2,3,2,1,0,26136,2.5,1,7,9,3,10,3,2,0,0,1,1,0,0,1,0,0,0,0,0,0,0,0,0,,35594694,https://omsk.drom.ru/mitsubishi/l200/35594694.html,695000
8,2,2,2007,4,2019,2,136,555555,0,2,2,3,2,1,0,26136,2.5,1,7,9,3,10,3,2,0,0,1,1,0,0,1,0,0,0,0,0,0,0,0,0,,35831635,https://tyumen.drom.ru/mitsubishi/l200/35831635.html,710000
8,2,2,2007,4,2019,1,136,103641,0,2,2,3,2,1,0,26136,2.5,1,7,9,3,10,3,2,0,0,1,1,0,0,1,0,0,0,0,0,0,0,0,0,,35981899,https://tisul.drom.ru/mitsubishi/l200/35981899.html,655000
8,2,2,2008,4,2019,2,136,90720,0,2,2,3,2,1,0,26136,2.5,1,7,9,3,10,3,2,0,0,1,1,0,0,1,0,0,0,0,0,0,0,0,0,,35976085,https://nakhodka.drom.ru/mitsubishi/l200/35976085.html,835000
8,2,2,2007,4,2019,1,136,122410,0,2,2,3,2,1,0,26136,2.5,1,7,9,3,10,3,2,0,0,1,1,0,0,1,0,0,0,0,0,0,0,0,0,,35971994,https://sharypovo.drom.ru/mitsubishi/l200/35971994.html,650000
8,2,2,2008,4,2019,1,136,555555,0,2,2,3,2,1,0,26136,2.5,1,7,9,3,10,3,2,0,0,1,1,0,0,1,0,0,0,0,0,0,0,0,0,,31349900,https://habarovsk.drom.ru/mitsubishi/l200/31349900.html,898000
